ppm,mean,rms,std,slope,label
2.0,1.003305257849656,1.4190417649433789,0.44181621953954314,0.0029946083556597327,True
1.988299737340735,1.1292137528638715,1.5057644957036065,0.44183532359897393,0.004787142097224504,True
1.9544792245204006,1.2576717076498771,1.591021638723494,0.441882554516707,0.0049139903574080615,True
2.0277368979689383,1.3852588748685382,1.6708697192505804,0.44188923762453053,0.007049642625870009,True
2.0411609624696125,1.5165046811768659,1.7514031533273207,0.44216115782203813,0.007629645011268573,True
2.0509058789038495,1.6468435764473492,1.827354548906742,0.44230280193591887,0.008769298894965642,True
1.9986827726150052,1.7793548141217013,1.9026750371963101,0.4427503458594126,0.00810538887364986,True
1.9916186517759558,1.9089024203626912,1.9719770824465253,0.4428432355320761,0.004842589980428036,True
2.014535920227449,2.0309706792929,2.031527546233708,0.44335004112491677,0.00296214226680877,True
2.055327276576092,2.0294850455886477,2.030073139078834,0.36706219279765123,0.0022630194086452715,True
2.041394675498576,2.0316734885930368,2.032234272871991,0.29770127173018246,0.0018569645392811963,True
2.0999329009332426,2.0379146896547473,2.0383807242291536,0.24143420014757094,0.0008798806212176063,True
2.0854223243277326,2.040651063217179,2.0411303417547053,0.18043796321347602,0.0006114609604324055,True
2.1201798027896337,2.0405707421731645,2.0410500432121172,0.12393096579486293,-0.00045698698197713724,True
2.0727616998558394,2.036482229542538,2.0370032952070622,0.07265748184425298,-0.0004822548005426156,True
1.953092142883345,2.0378626763437495,2.0383648018199665,0.04772369768349934,-0.0011450254256675674,True
1.9762298607319546,2.0410890904946974,2.0415555820191837,0.043140625692206766,-0.0028598957825619223,True
2.023314825410959,2.0403744167937203,2.0408522472060424,0.04381554247367046,-0.00280129758939369,True
2.0543384415077695,2.0412415508334383,2.0417282909725274,0.04378303869104742,-0.003219073039076037,True
2.0715188749678504,2.0390199634370885,2.039525216319334,0.04438919587519482,-0.004526617519853084,True
2.0398758257653737,2.0308966873072594,2.031404007140613,0.04378343093292746,-0.002354236157366848,True
1.985489676813832,2.030098537234781,2.0305869774439436,0.04490584859649463,0.00037310307430116603,True
2.020769921434384,2.0297041152452353,2.0301757241658174,0.048950703906448054,0.0030413326284006374,True
2.043241278191123,2.029863267439239,2.0303383081169732,0.05186569793825026,0.0048901546337318,True
2.003101141011825,2.037873430839938,2.0382809971377407,0.05192796078475626,0.004021514625403386,True
2.0692014212115746,2.0442561944424273,2.04461949371578,0.05389914690245206,-0.00010433622627370526,True
2.0058492771569822,2.0366655262740787,2.037320333942321,0.05769228157675871,-0.0037870842575645322,True
1.9699604828559725,2.024656628526178,2.025744524990619,0.06449030234965826,-0.006045102819544628,True
2.0726519231680767,2.012675190645912,2.014025374406161,0.06815176235864472,-0.007562450003200872,True
2.1138690509569,2.00246087653292,2.0040697740560147,0.07214807024157839,-0.008645587129608029,True
2.0753081349599034,1.9977306425979122,1.9994674290421584,0.07248811780136195,-0.009015540577244737,True
2.081254757294531,1.9958765214177958,1.9976064425764952,0.0728716437788411,-0.008973126524515273,True
2.0783540783717815,1.9914955814115012,1.9931974178872147,0.07301113260554432,-0.009483614172013464,True
1.9018641347173717,1.9859089485113546,1.9877007150658872,0.07279558835022297,-0.009926121899114704,True
1.862196077541363,1.9782181635561757,1.9799174066425327,0.07262858501590655,-0.008996823335888032,True
1.8798158688836017,1.9737669045229485,1.9754829401969813,0.07222725769550434,-0.009126501359548502,True
1.8764467999575032,1.971586308887089,1.9733265194850758,0.07092188851285572,-0.010026663090676013,True
1.9098059338537028,1.9625020566035034,1.9640979977597035,0.06945927026683192,-0.005705753647581229,True
1.9911039825525227,1.9599301516459948,1.9613550008456102,0.07027805950720344,-0.0033258070221639366,True
1.9731462380904086,1.9506839263504614,1.9518974842728167,0.06799823196815473,-0.0015826011639740519,True
1.9137150146094755,1.9402907050513474,1.941229046596335,0.06546627386439231,0.0009305505945618683,True
1.9461488619287168,1.9308621621839543,1.9314763444152905,0.06225924238714937,0.0030508248707653202,True
1.934629132625341,1.9302146683942751,1.9308404094008107,0.061283815279762344,0.003113627749719125,True
1.9350709526822258,1.9364379228540542,1.9369930792342325,0.053990407156932506,0.0032237967520639395,True
1.9273038866307073,1.9449680802542249,1.945553046528285,0.05006801337293843,0.003240817545382038,True
2.07271857163676,1.953376927262135,1.9539359007659851,0.044975928618391545,0.0025112610627167466,True
1.9273685302313694,1.958582786018206,1.959128244815711,0.043196353298571494,0.002120235074905069,True
1.9149632165087054,1.9583523691589428,1.958894270054742,0.04282051803173389,0.0032460539160704184,True
1.927497392493496,1.9589693240698423,1.959517169077658,0.04287807895049813,0.003953310728389164,True
1.8915042340825048,1.9631660423740955,1.963683268932237,0.042763785528892116,0.0031657835740004246,True
1.961768148897826,1.9648100625826066,1.9653229357128805,0.042764318681854444,0.003327762066435945,True
2.0162983872863305,1.9683790021904417,1.9688847574181891,0.043402956392859605,0.004034354096479613,True
2.0109883520840683,1.9748223842282884,1.9753754745829952,0.04792135195180105,0.0029373125447999487,True
1.9930996739508366,1.9767799348537873,1.9772999690266566,0.047720584355440625,0.0004968257822907752,True
1.9874173128043122,1.9660969715132959,1.9665339116762424,0.039459415129573724,-0.00044168340787153815,True
1.9830175166647968,1.9588621510420572,1.959644043496778,0.052475459701102824,-0.002373099791076849,True
1.9808625074775315,1.9574177960295926,1.9582406344353944,0.05383886977657228,-0.003878540420413534,True
1.9724531852648939,1.9571426404646435,1.9579700892647354,0.053896271099376065,-0.004306798646759827,True
1.9917321663507033,1.9617327957652453,1.962485306757394,0.050907054070341455,-0.007199475915220276,True
2.0381650652877696,1.9568994625064127,1.957743241215391,0.053736471187480254,-0.006085050317164637,True
1.9586246966386898,1.9564349684020068,1.9572656777181983,0.05364321937608582,-0.0046255619766340595,True
1.9017911581888973,1.9539360373270487,1.9547220275806871,0.052878446523752676,-0.0028890274176404766,True
1.8116114026915513,1.9534577442725403,1.9542352196895596,0.052721058951828347,-0.00043653325365319997,True
1.8918535363092746,1.956674975782121,1.957546644740646,0.05306082264104739,0.0005028322425482134,True
1.9230949034543112,1.956101398432208,1.95696686285867,0.05478154019712561,0.0008126262718792886,True
1.9649467188921308,1.9538590401958316,1.9547163851404954,0.06036984333500913,0.0015407006425282727,True
1.884434816756503,1.9533299264803528,1.9541835434909847,0.06537462144819005,0.0055922884420718105,True
2.008866481615836,1.9626490189254668,1.9640125055007287,0.06719136603871648,0.009596476907219676,True
1.971005454884739,1.9688749200464049,1.970620242362489,0.06521118277076135,0.015751564259615082,True
1.9854469850787035,1.9848042658675618,1.9874111967065766,0.07141338524382584,0.020512871101295477,True
2.0388930169576005,2.0068054737321392,2.0102814530128192,0.08048118002863698,0.02298345393135636,True
1.973840279066196,2.033443480664448,2.0369340414327697,0.08069102249257337,0.020777949649631512,True
1.9449847756955065,2.0491273121619535,2.0524081062102595,0.08008862799663374,0.020357552450875217,True
1.963987365817233,2.0654939326259383,2.068722800059567,0.08300121840580225,0.0176014176263635,True
2.1408376454725304,2.0718928930543967,2.074949735101016,0.08328260191644714,0.017100319843800987,True
2.137779483222772,2.0886959095262387,2.091234621827204,0.08267381961414429,0.014146083264530361,True
2.2134942297772,2.0970349379723223,2.0994949067155937,0.15860422370586708,0.009768249716951923,True
2.253810484022137,2.0964679647546705,2.0989637900767275,0.4977108541865073,0.004381641100588159,True
2.2378195136084873,2.0940783678866297,2.09672399686509,1.0300809277294074,0.0002965144039678692,True
2.1427948402693735,2.091295572399712,2.094045791684049,1.7750177019582216,-0.002893809408430671,True
2.1849608308780617,2.0917425307961683,2.094467813787214,2.772268741018507,-0.006480114554871072,True
2.0673300857474697,2.0968524335688046,2.0993071635394966,4.024100649726894,-0.011911287191259435,True
2.153283080305975,2.097336366141871,2.0997607456228984,5.56295802165896,0.17090244582762704,True
2.1422909367531737,2.6856706227016955,3.5307572271477947,6.084238305304813,0.5144391308492294,True
1.9619338834023072,3.8489890635023087,6.252442714872422,6.217811091984786,0.9839273029114605,True
1.9472134351900507,5.554651637825961,9.653628619040619,6.225270485908612,1.5507946033442184,True
1.9943682891669197,7.7766660680711635,13.498374509655484,6.242287147747964,2.188031498919083,True
1.9809916134094956,10.499215056373025,17.691456378934063,6.332179670264485,2.864646280914454,True
2.0267432200576856,13.694538158912533,22.136912797314814,6.496480801886093,3.554876536680696,True
1.9717302869862952,17.335979639584785,26.79770996030996,6.712748014235893,4.236710595072267,True
11.55418575042972,21.41055497336692,31.632244148588214,6.941020724147479,4.88158828175648,True
20.75087453603259,25.878633648465375,36.59590932127438,7.136639481812778,5.472427141889759,True
29.504095418955636,30.728288345132178,41.669482028067954,7.304589642013466,5.988225723314705,True
37.80604136794538,35.956918315306,46.84313532346004,7.440481799959232,6.407440032890904,True
45.79860332643828,41.54345700908136,52.10936889433834,7.527410287956087,6.711891950870142,True
53.2679644809015,47.460480766003045,57.43837130264009,7.517443581929599,6.881951144708552,True
60.44802452163407,53.686644548202324,62.8018813528446,7.325644538731408,6.8981761001552035,True
67.26053542626167,60.198708735122125,68.18346240056034,6.824749921527067,6.750965699677851,True
73.64254188188123,67.00440958130056,73.59961672465808,5.75778335237911,6.4212509683534424,True
79.73676608342197,73.48362532052809,78.98298229289719,5.319023923628417,6.108053780652184,True
85.62001340618345,79.65169618189245,84.27940905962834,5.271445201887321,5.809418432760803,True
91.3318325355958,85.51532241103845,89.43788105637263,5.35711359144903,5.526411492852866,True
96.66674839991384,91.0957695422804,94.44228947350848,5.422578215861928,5.258194325479441,True
101.599612128598,96.40250822066368,99.27745004171412,5.397381798996818,5.004336414175348,True
106.21977021077446,101.45198916800611,103.93228254823562,5.271942867589772,4.76153748775639,True
110.86294382584146,106.25231692338795,108.4018005402591,5.061699177394812,4.531413940485504,True
115.22163757807004,110.81855273514202,112.68901207903608,4.808386803544978,4.313596073337562,True
119.44000831786224,115.17013504374178,116.80204153007111,4.575529512433993,4.104508897681057,True
123.32211508529181,119.31372980397293,120.74030246138523,4.359336219674016,3.9051837079856027,True
127.09319546781653,123.25779826921496,124.50901110016457,4.154582593613131,3.714928419460315,True
130.7064221805707,126.99909394933127,128.10093411073504,3.9460209515843556,3.535025906092557,True
134.0596596383804,130.55063012316862,131.52298192577268,3.7403900849658007,3.367381642495984,True
137.2532686077437,133.9434452653186,134.80315757800673,3.558733589900409,3.2047562886058336,True
140.3203084143267,137.17929621174778,137.93783267288592,3.3998917171958447,3.045291038506815,True
143.26785881947728,140.25074312623715,140.9212743142769,3.2416494704561534,2.8946242097757318,True
146.03428224712047,143.17154916269197,143.76502839681706,3.089835994881017,2.751380798302051,True
148.7251088500558,145.94505156546035,146.4718223389766,2.9387319149105657,2.616258057343454,True
151.19256341745688,148.5848465616403,149.05227682223236,2.7988738392781825,2.4867161066292427,True
153.49132718131096,151.09408050437446,151.50951925696975,2.664429932637884,2.364055135092102,True
155.88465440299817,153.47738261762245,153.84746430566335,2.5316360782689245,2.2488383151530105,True
157.99338535364151,155.74692171758494,156.0767839092555,2.4074996822212547,2.135954821992705,True
160.0060944576713,157.89841278245183,158.19173005678374,2.2866711572595246,2.030919382525911,True
161.95453416134745,159.9525653530785,160.214277726343,2.177502578751757,1.9309682997885458,True
163.81604676215602,161.90378149387521,162.13766932886188,2.070842591787309,1.8374205386125055,True
165.55883502417043,163.76218687519864,163.9715351405486,1.9716803696020297,1.7467583650459604,True
167.24093855156372,165.5210126127816,165.70854812740265,1.8689495779045247,1.661590807399506,True
168.83925599253823,167.19481308266168,167.36272290471462,1.7735796388725167,1.5796121541542822,True
170.3722852377805,168.79011459835226,168.94002102134093,1.6888967374433028,1.5021699691470118,True
171.67712564561398,170.30603310941632,170.44094493990215,1.6010917813164316,1.4305299032772878,True
173.1867495443533,171.74855705334363,171.8698001394577,1.5203560066301043,1.3627443049194632,True
174.4873170722249,173.1260926020389,173.23515241783502,1.4485971321651963,1.2967884066732465,True
175.76876834829503,174.43408046294527,174.53211875910569,1.379825292576338,1.233643032650923,True
176.86632065138318,175.67640333339833,175.76455609494607,1.3136148979569846,1.1736915281727947,True
177.97337093553818,176.85892821790367,176.93814711764287,1.2534530927118182,1.1180117908658538,True
179.0161514323599,177.98882923399242,178.0602879339614,1.2002650604925873,1.0627695073203671,True
180.13935058002303,179.05633595043383,179.1205553477926,1.1285736072586465,1.0091030534226255,True
181.07376845647846,180.0665947955441,180.12424470707387,1.0571880639136484,0.9567734721978307,True
182.04666323679643,181.03003042462092,181.08118229613146,1.0001463254022793,0.9038080342507503,True
182.88233993584933,181.93596469486926,181.98164103921926,0.9470893658593974,0.8562928449610868,True
183.6932126894048,182.79687645233096,182.8376677432314,0.9761650269947686,0.8104088515739235,True
184.4792331762559,183.60922544116826,183.64569824075036,1.1856380492409295,0.7683463830073236,True
185.3193548089832,184.3866114402784,184.41908401511907,1.657428717647135,0.9191269625105523,True
185.91936345560129,185.73807024329713,185.79738685197694,4.483015447270768,0.9113258652010949,True
186.53642675954444,186.61861787804173,186.67709898288473,5.416316550373775,0.7689343117783939,True
187.09209571084318,187.04485316048817,187.09572310149198,5.8022452896046355,0.5140537346774834,True
187.68169786832675,187.03720802625867,187.08832639026096,5.933048012418426,0.16345588255648194,True
188.26190519161236,186.60430139507562,186.67464205544917,5.953520667603715,-0.26317668148530327,True
188.76635216969177,185.76188507328655,185.87805275077437,5.94899244558065,-0.7493463585201173,True
189.30449663714487,184.5214828228205,184.71481020610256,5.96829401735745,-1.2757501575290189,True
199.5967117838383,182.8979781997284,183.20133080794864,6.029781199978187,-1.8230606184178424,True
193.10491358827366,180.9032616315339,181.34792731628647,6.12657984952135,-2.3714038191805944,True
186.95911509916596,178.5659054915078,179.1796945808113,6.217191040496534,-2.909078272055163,True
180.95144630880665,175.894319470962,176.69992835258563,6.2986293903548205,-3.420101004739362,True
175.1201571378676,172.90044179000213,173.91381727062486,6.372418428451903,-3.891804213236108,True
169.40367878722427,169.5860809379709,170.81477072912887,6.440533130281527,-4.3070500886619305,True
163.84677668194797,165.96426963605126,167.4033093492015,6.492000188609442,-4.651611708897576,True
158.50315920678216,162.04724709097505,163.67819927089147,6.50937995437016,-4.9125203970391595,True
153.40388971787115,157.84207848346836,159.6288612745385,6.456443841215784,-5.072560831218411,True
148.52166521518384,152.75588388364406,154.48271076300765,4.990309595375588,-4.908256318684084,True
143.79105043081157,147.83023841704573,149.50172899502243,4.030785820513376,-4.7504183218683265,True
139.1900528154855,143.05812504106171,144.67465514670954,3.5290991880144515,-4.594196189926433,True
134.65192423582707,138.44393862876095,140.00542808080752,3.3759099387169957,-4.444174900600078,True
130.31292436089808,133.97314860166668,135.48238410731372,3.409780348454774,-4.299068757360127,True
126.09399144847215,129.64957826313412,131.1095386662314,3.483909631037853,-4.160039476891775,True
122.02179891703771,125.47077791069547,126.88476327420788,3.513361034835913,-4.027153149013907,True
118.21759818664974,121.43132932659749,122.80181898043337,3.465853716128408,-3.901314335788191,True
114.29458612270047,117.51716615178832,118.84663144841456,3.351284749225863,-3.7778958596279253,True
110.60530108342158,113.72986113020676,115.0175072712541,3.242185995943003,-3.6558471346848656,True
107.12446371199421,110.06557935436389,111.31072051950578,3.138757982795985,-3.5355652156233184,True
103.58751670435933,106.52085643777451,107.7234288885438,3.04004677335838,-3.419184436316143,True
100.22655337070331,103.09180366083089,104.2545656996127,2.9427358958001286,-3.307043928902018,True
96.9859710429298,99.77542394852196,100.8992278580467,2.848428183183278,-3.1992250017095594,True
93.87198186121434,96.56559253442752,97.65255529631995,2.7580089438214457,-3.0951647664011777,True
90.77727892092427,93.46074670343208,94.51214149902944,2.669859261162775,-2.9916301551606876,True
87.924784869879,90.45839429570968,91.4708097116964,2.5874098552026776,-2.8887495811551087,True
85.1625420173257,87.5616138929818,88.53811485514676,2.4988400862221583,-2.7930667214012477,True
82.47448615005538,84.75556179468731,85.69861236788721,2.4159503502274764,-2.7003322854426304,True
79.78707980472923,82.03748773392783,82.94645583267005,2.3415112203056188,-2.6104174071832107,True
77.2508489639552,79.40927859909861,80.28782567731011,2.2660232383760084,-2.526238653707861,True
74.73668882296114,76.86537882099721,77.71579733572399,2.1935066109757932,-2.446041726521407,True
72.34426562111062,74.40339610317662,75.22746392651688,2.1239867201526983,-2.3686465429992865,True
70.1799596630913,72.02189570704144,72.82035231325867,2.0572587105036604,-2.2919343790630093,True
67.94609967905421,69.72857389408483,70.50241047149548,1.9823033008669104,-2.2185203492672514,True
65.7084675107099,67.50977386389422,68.2582158338997,1.912047077333177,-2.1456927159384955,True
63.63527873984274,65.3626757476661,66.08509549725571,1.845938945724914,-2.075455499980416,True
61.536170547091764,63.27957708152944,63.97705575867177,1.7878434782723212,-2.0069925241654687,True
59.52415692108074,61.266402079956734,61.94076954572632,1.729370367767515,-1.941021099464714,True
57.59424755780028,59.3201157081422,59.97135043564765,1.6732250991315711,-1.8773892196374227,True
55.767975523051504,57.43873567692718,58.0687532010429,1.617679268964616,-1.816786493109625,True
54.08412991361871,55.61918917459595,56.2288589512604,1.5650558499326155,-1.757497072989995,True
52.42398438682907,53.852808767789156,54.43966535006254,1.5246729357707562,-1.6973131237613415,True
50.808972157676,52.143367493045034,52.70799237759938,1.486636455242744,-1.6382765120833478,True
49.14490749186868,50.49605718003902,51.039848044346904,1.4430675366297026,-1.5805457711011042,True
47.57627977956579,48.90809692376524,49.42986329868369,1.3973320550508201,-1.5248131442452815,True
46.11026701492276,47.376041206905434,47.87810373729204,1.3479854051120266,-1.4713719769616482,True
44.63460832352087,45.902119611724416,46.38538621955092,1.2927617591004188,-1.4209778359125378,True
43.23152158381097,44.480615607853935,44.94656745357291,1.2346732451801368,-1.3758008823819239,True
41.91787315418248,43.09955515566128,43.55081264951183,1.1823818124482166,-1.3339634480625775,True
40.5950392831483,41.75459978221997,42.1916375535155,1.1418711739871827,-1.2929046514662852,True
39.35150250261351,40.448042525370155,40.8712352985185,1.1092521795232433,-1.2529218350727251,True
38.22791463946246,39.179433284264334,39.58906821475011,1.0835838328061476,-1.212985908409259,True
37.023279077334784,37.95704073294063,38.35431502709361,1.0535822211743189,-1.1744806400697227,True
35.94141139818441,36.779332162925826,37.16427661020844,1.0197079563395597,-1.1361101674706358,True
34.85018349587269,35.64364539004561,36.01508526176167,0.9849667948180965,-1.0983092204197127,True
33.67100828796896,34.5480368738734,34.906847190097054,0.947127842898802,-1.0632242703775718,True
32.56484393855777,33.48674164215866,33.83410596456201,0.9098249306141235,-1.0320802058765723,True
31.519068277232073,32.450018881900846,32.78763494682582,0.882299227873733,-1.0006738393278736,True
30.511224299982835,31.449322008179248,31.777423673687412,0.8536260195612272,-0.9702224805387236,True
29.586626670689395,30.480892103731957,30.799221019326886,0.827683788807665,-0.9398218639176207,True
28.732942659328938,29.539192010798466,29.84597692990751,0.8104246341815439,-0.9055118460657663,True
27.939278648839338,28.637754586751235,28.93156461599734,0.7871301097286064,-0.8714294880835886,True
27.104872064765516,27.765818271443386,28.04500944007469,0.7670116078269186,-0.8366132028038427,True
26.25079787637515,26.92304778382443,27.187227437417164,0.7476504754945997,-0.8041045268379292,True
25.330308990057365,26.10947567495373,26.36186910129618,0.7241674051912985,-0.7755972337628283,True
24.58388930360281,25.324286366841907,25.567036667264997,0.697477012865263,-0.7497623901919717,True
23.85662403145685,24.566926213092387,24.801377009998873,0.668839447028912,-0.7268951329226554,True
23.1607131525266,23.83378808619895,24.061801306983398,0.6400823972054713,-0.7051852347815424,True
22.600280292579104,23.1260962116316,23.34752869544435,0.6116838467155483,-0.6839114058245125,True
21.990430353258827,22.439695484759937,22.65393577410217,0.5884120467605672,-0.6639341208910976,True
21.36585569396933,21.766321184319676,21.973359979827965,0.5757043824594518,-0.6413621648407171,True
20.653854546037763,21.118800022669916,21.31748415709891,0.56063791403228,-0.6192040507411125,True
20.0018150087686,20.494549642874855,20.685647349948958,0.5433343766610595,-0.6006037723562067,True
19.401305817239752,19.89183755643407,20.079203900293077,0.5207273037951451,-0.5851124340559021,True
18.781014269687876,19.308058498466785,19.491641224079235,0.4990696735573588,-0.5694003967164332,True
18.263556677611838,18.744115846353466,18.92366357216927,0.47695284968761087,-0.5528534601794406,True
17.75053102938232,18.201290113360344,18.375939084240333,0.4520882425709215,-0.5371431559547271,True
17.1652898417951,17.666465881927554,17.83472381308064,0.4840614280458549,-0.5182219525948445,True
16.74453347836939,17.148166037513256,17.30838686553397,0.601820888289574,-0.4983518794814869,True
16.262791799654153,16.64525477229948,16.79692569189354,0.7852978037551483,-0.4799570939263021,True
15.686915607004773,16.158313107793624,16.303866505552666,0.998473743803977,-0.46500199011243704,True
15.24342437612631,15.684792292499123,15.82596167474549,1.2362486431727742,-0.44938630069824664,True
14.833541597643693,15.232471287443722,15.368257393180924,1.5152397475862711,-0.6261610014617895,True
14.475501424636693,14.186665834257418,14.64240778555456,2.086565752512213,-0.7738479598755486,True
14.043092589654448,13.173961199389506,13.92185546559852,2.423878282688589,-0.890384884897704,True
13.697632842630043,12.19836441911794,13.206512143903986,2.6294898884434326,-0.9778940232237701,True
13.3192754505489,11.261985788644758,12.501776707865252,2.7539810711865123,-1.0398923961773991,True
12.862787913944057,10.352750240925378,11.792892741651038,2.825938366409152,-1.0761354488278887,True
12.42548196405662,9.468361460841145,11.082479607226343,2.86585466697258,-1.0854366209142763,True
12.16416973635335,8.625402444504745,10.379970076897493,2.878488757515875,-1.0729282984102215,True
2.0481270187070146,7.8103017791038205,9.670788675653158,2.87932780640891,-1.0381986481808727,True
2.060282519725246,7.0174798882372205,8.947653626731062,2.8776428347657803,-0.9816375057678866,True
2.140982545037261,6.243138326815744,8.19976940729701,2.8767371922223033,-0.9016813729540599,True
2.1832317542241677,5.495978665118588,7.428547279043622,2.868523344359604,-0.8031298236118655,True
2.196764714859326,4.763313722268875,6.6106376852039155,2.844002236492561,-0.6817233434531812,True
2.112571318306407,4.057154324734608,5.733065939368602,2.797117232924827,-0.5412259144590919,True
2.1995713456223864,3.375755209964284,4.771533980474738,2.7258971490278605,-0.3824052135469155,True
2.2018137297115246,2.723448727992339,3.6558380182972665,2.6237690297734315,-0.20715857036142257,True
2.1483913437780986,2.0856252628695167,2.087358664782386,2.470194658558333,-0.01221348726179924,True
2.086036441893066,2.0794473259169832,2.0814347135418956,2.0067710534832264,-0.016121216715649155,True
2.0885380024999374,2.070146757870443,2.072542129910377,1.5786765319723308,-0.019355184275511476,True
1.9749937570346396,2.056027764459531,2.0586800088794575,1.2005860156706551,-0.017980544240756537,True
2.0207250900006155,2.047149506423915,2.049550673850434,0.869203741942401,-0.013920955989669876,True
1.9604020776188815,2.0422333529595242,2.0443691928788503,0.586723322158194,-0.009333562523891026,True
1.9885782525055065,2.042801336678777,2.0449573029061807,0.3291819698480585,-0.006806872560023713,True
1.958994294388191,2.0366964115279016,2.038526491274719,0.1485777198632972,-0.0016413969573710774,True
1.94928002746648,2.0326618492439747,2.0342281065440355,0.07391259924208506,0.004651933985048925,True
1.9114734309806043,2.034916755685334,2.036628141331149,0.07867508999755572,0.008290524167183226,True
1.9150786504626656,2.036227619747106,2.037977109857182,0.07937063741325216,0.010249222151303358,True
2.041179625654307,2.0360885192653146,2.0378346293554253,0.079367613881739,0.009865085009495556,True
2.118106259429079,2.0354044120630554,2.0371733479838143,0.08112337138395914,0.008708455500729005,True
2.121659057814445,2.0364107790720403,2.038175320294626,0.08117179567924868,0.010730179130950684,True
2.101892543208381,2.0485859225511587,2.0504308657697865,0.08221703538499205,0.010729373391460543,True
2.137260733168697,2.0578453239426544,2.059724400982858,0.08402977499671545,0.00801577281655946,True
2.184469846839846,2.059703103422133,2.0615039627220617,0.08268538034006169,0.005398762418312639,True
2.1070102668814172,2.0645571255895705,2.066179873521598,0.08001464107035149,0.0012580398916864105,True
2.0863123947912725,2.0681311220817027,2.0695330013398667,0.07458344314884355,-0.004452372089806904,True
1.9640480417984967,2.0692860690607016,2.0706066296327217,0.06996921723867228,-0.009204818608701542,True
2.0368269621443758,2.0655322621570016,2.066957397577018,0.06996072013940288,-0.01098248024033075,True
2.155204373284771,2.0581021306580967,2.059543778847974,0.06699579432634171,-0.011532362520287921,True
2.1367286747694405,2.0486268148952753,2.050109827229895,0.06352067081218093,-0.012317166543117425,True
1.9887187660598433,2.0382316288704896,2.039848066401737,0.062275487887848625,-0.012744351237809847,True
2.026944382145489,2.026701851491401,2.028256104479038,0.059101692610833666,-0.012368748338340441,True
1.9686573748547205,2.011128655919351,2.012377912766268,0.050239193181222934,-0.011571449965419724,True
1.9335578021266449,1.9968436193653758,1.9981822796569615,0.049819014318374405,-0.011766519240378508,True
1.9811187151951084,1.9837446221175736,1.9851500098890777,0.04995335166838993,-0.011091658829517561,True
1.9992241554466055,1.980716290155029,1.982188617551899,0.042839861677988055,-0.012656663254667052,True
1.9700540056092986,1.973262687072814,1.9747397841966086,0.04293768545093105,-0.013922839960383668,True
1.935569566811804,1.9538826262431226,1.9550116674085904,0.036760405101372025,-0.010488763723338276,True
1.9527842951032834,1.9408182570257064,1.9413838978788416,0.03158084400569821,-0.009914108297875812,True
1.9352987176870489,1.9274117882707515,1.928347422384187,0.04001874300284158,-0.011576926801795138,True
1.878449682017811,1.9120590810605194,1.9131275190257597,0.04790128874315589,-0.011974569556388766,True
1.8767284388264378,1.900073870100304,1.9013589036975098,0.053800723266941866,-0.01221456432317348,True
1.9155947303977832,1.8929296719823805,1.8942953501806596,0.05458386553060398,-0.011670226989174763,True
1.9175693128289377,1.8866136738996893,1.8878473611526556,0.05472186805274384,-0.00826727424637801,True
1.8451234000097059,1.8845158655897079,1.8856431512119969,0.057019183141967536,-0.005164166972261677,True
1.9276987672907824,1.8818916181586731,1.8829286928026612,0.05733680898839811,-0.0016284444381873824,True
1.774215265980565,1.8842967127295502,1.8854239495591552,0.05908272192368015,0.0014434901221960048,True
1.7813010667817741,1.886603476862273,1.8878341647732848,0.06170981229676183,0.0027792474145600697,True
1.7768939994912731,1.883681449540072,1.884872529940576,0.06269847245786173,0.006450474324070022,True
1.819250632239867,1.8924843915250902,1.8939525046503174,0.0649826524008467,0.006912369070042639,True
1.8800627458720511,1.8958185974157487,1.8973003870673073,0.06498155729869613,0.007908946588649563,True
1.9656592224869056,1.8989523148567629,1.9005030247171093,0.06475354420521728,0.010104275517512843,True
1.9280660467127402,1.90374621247294,1.9054303220385158,0.06486326265951542,0.012491452347069937,True
1.974051079945838,1.9141553206238555,1.915935928654383,0.06552035430679996,0.012433744635168,True
1.98969252122685,1.9174394069138694,1.9192822888931085,0.06466540191026796,0.014897717934635115,True
1.8885462805318292,1.9336036205906955,1.9352474267274984,0.061063960583878286,0.011785997512103871,True
2.0192967537781015,1.9431656935200676,1.944405152198014,0.05565606288108271,0.008554037728283729,True
1.9300757330769742,1.953372341757084,1.9541367584180167,0.04958902256905674,0.004347903433675119,True
1.965734209454011,1.9593777919294584,1.9598669229197156,0.04819532691094658,0.00018896875926545812,True
1.9942716746877742,1.9598363255139652,1.9603075940840224,0.05265848739777641,-0.001959965498933256,True
2.0116691304243526,1.9576085152327676,1.9580927051576231,0.05107448557393364,-0.0008697101288520824,True
1.9802441479310033,1.9624269393040192,1.962926131330691,0.05156722083605587,-0.0011245428843553102,True
2.032842684809783,1.9630357068926942,1.9635397636055718,0.04959022202369767,0.00046453924732979237,True
1.9342942336517297,1.965746394475734,1.9663145318381046,0.04932753263224568,0.0022152876076087153,True
1.940200371283535,1.9746552790736724,1.9751740205501949,0.05171162994318686,0.0004916985647502135,True
1.9153378349978571,1.9717530592393995,1.9722389032152492,0.04854579197614462,0.0012220036759289414,True
1.8873992832241566,1.9737142587577643,1.9741728291638347,0.04846955223182907,-0.00011300125193110494,True
1.930014257987746,1.9726850914867444,1.9731520893609034,0.04856606303137495,-0.0013788476268285057,True
2.005160831852765,1.9677354748437406,1.9682427153388604,0.04804485433082506,-0.0011371645315461192,True
1.9837913613646383,1.9641014737459126,1.964578801232289,0.046333542218936846,9.001767882115609e-07,True
2.0330635225554894,1.9637471593247575,1.9642221403783744,0.04764069223375165,-0.001259890078133955,True
2.0310884340988418,1.9543788582564887,1.9548617069244674,0.04507915627393869,-0.0027206587812260777,True
1.9728612364297349,1.9460739578935993,1.9469102684392683,0.05198270395592154,-0.004704367825823105,True
1.961454925370811,1.9408542172421919,1.941813801303828,0.05270237263110784,-0.006905218927718338,True
1.9492675331176923,1.9354746436175878,1.9366198579311897,0.05410370089999096,-0.008525101760615094,True
1.9150778083997118,1.9345745276510522,1.9357457686931299,0.050071607597386734,-0.009365220658570952,True
1.953525112859105,1.9351301182944554,1.936300910405072,0.0500910813146467,-0.010707083341034302,True
1.9745751171925248,1.9267957526658785,1.9279390848802456,0.04943077399685842,-0.011532251463139357,True
1.882949867717481,1.9157054862838157,1.9170069039666349,0.05321840726030482,-0.009802029421872473,True
1.8014158278454975,1.9096303245808228,1.910707620748727,0.052126407303407576,-0.0062651879437733825,True
1.856684520861018,1.905598300073971,1.9064849673809399,0.05247122079009598,-0.0030038736253157976,True
1.8292646570041933,1.9039466725652647,1.9047865268965047,0.05361055744793681,-0.0017607092922315522,True
1.8729974277595838,1.900007832835095,1.9007914749396349,0.053364023463290625,-0.0008885274294655423,True
1.9389037082821976,1.8958687379715167,1.8966143357139569,0.05342056408076504,-0.001149675860578539,True
1.8718109817955344,1.8904983357489458,1.8913058773553675,0.05544424778855493,-0.0003288026397933726,True
1.806347099251633,1.887639478530141,1.8883852869609234,0.05565221906038052,0.0007154517589700392,True
1.9358609353076057,1.8814167098642403,1.882031856604168,0.05435633997575307,0.004070608004350793,True
1.9665760419892124,1.886193047572546,1.8869011984244033,0.05721900526972786,0.005090051490213648,True
1.9464351962904343,1.8949437986576159,1.8955602934089586,0.05339978851664117,0.0031124218419558325,True
1.8984334896880934,1.896876807191839,1.8974684672871165,0.05226383256672442,0.001971707528108914,True
1.8830420153004426,1.899978557598856,1.9004968726170344,0.048919324839900025,-0.0025593454298244635,True
1.8291513728385775,1.8916417656975641,1.8925566878803504,0.05903678313424894,-0.005282184145469756,True
1.9077833973582263,1.881174117001029,1.882267897457472,0.06444579764789143,-0.005830096839992906,True
1.8750108185381131,1.876404741782507,1.877615948754672,0.0693071831140305,-0.005934765573763425,True
1.9593712710503721,1.8807368228509787,1.8818587635589343,0.06663282292433549,-0.009346402931297182,True
1.9414278452066158,1.8710663294702599,1.8722839635956445,0.07311837879387123,-0.007828690322422957,True
1.8876126574085845,1.8658850185137776,1.866948818817172,0.07072021331852828,-0.004197988962732916,True
1.8788926635164687,1.8661303040195338,1.867204787752428,0.07024564946496915,0.0006471679352756407,True
1.7396087573389134,1.8745362367607201,1.876033177517244,0.07696780324712944,0.004062597055303484,True
1.771421329137636,1.8833977276141152,1.8852400427155294,0.08241785082425795,0.007948525657851086,True
1.795500978299181,1.8991967542278112,1.9015576217851002,0.09147753631995816,0.008186342347019666,True
1.875660396347182,1.9037959660657124,1.9062550807622904,0.09260372328468579,0.010679273482098503,True
1.781133041216102,1.9132920413234689,1.9159493019755909,0.09656747602488328,0.011170700725785975,True
1.8836750666854996,1.9143710902288764,1.917057347117197,0.09618514523521166,0.011399830650366406,True
1.950359764382534,1.910597883376024,1.9132918877880585,0.09480850096573608,0.010452413054122095,True
2.0329284135470735,1.9070876937965482,1.909877282499975,0.09663967680833949,0.009089693811958725,True
2.0248258689547645,1.9057234053789052,1.90854245741037,0.09813863707157333,0.0070601318859715365,True
2.081935798657715,1.9113132636087231,1.9137613719155881,0.10133773943671678,0.0030255467425757765,True
1.9813707867646435,1.917927801010455,1.9200564803120947,0.12981846282601178,-0.002410976546698131,True
2.0269480226622187,1.9174072139374,1.919570731847347,0.15926846383424945,-0.009231436445361176,True
1.9766360535368894,1.9058953138371892,1.9088445054163772,0.18947377361444986,-0.01150668134234835,True
1.8810565355609798,1.9083302951099859,1.9111400428012901,0.2501964916349814,-0.014138459987369128,True
1.831449624136971,1.9094322808238804,1.9122309638704598,0.3316861503767847,-0.017572204082216627,True
1.8570640488341816,1.7875347955499714,1.8490222574450812,0.3315371614207788,-0.020168319712444472,True
1.8290464890159983,1.6604767697032796,1.7778029805392852,0.3300411284692249,-0.020661295746290952,True
1.8772539275653466,1.5339251528936066,1.7042119733589742,0.3286952375368017,-0.020936691523209042,True
1.7871715851303036,1.4038041654774998,1.622786156054397,0.3259157193013486,-0.01782724747620814,True
1.6914699947438063,1.2799684913047096,1.545338319306337,0.3255295575061158,-0.017195499930271762,True
1.8200927415808499,1.153284239888321,1.4598931906840453,0.32437562101924694,-0.01191562179545904,True
1.9013068381078084,1.0297444865422654,1.3737157630662808,0.3238931579175351,-0.005435540825791449,True
