ppm,mean,rms,std,slope,label
2.0,1.044242939499546,1.4778417820149128,0.4557886700599455,0.013427290349946903,True
1.9913583403967194,1.1748794987984874,1.567504673893021,0.4558218593474163,0.008765434466138049,True
2.0100570131262234,1.3042759836991467,1.650747136163141,0.4560483430334749,0.004266620032791004,True
2.148095248670191,1.4315308303209442,1.7274451781085864,0.4568646631605242,0.004684712594992202,True
2.2168673674050265,1.5639493796396309,1.8068263886243343,0.4569613561841945,0.00397009300731684,True
2.1659433250170492,1.6948268594663478,1.8811390789205185,0.45720506136155986,0.006946597866229343,True
2.10545861517227,1.833446176417947,1.961155086869976,0.45754270969333816,0.008026615906399253,True
2.0701071222052576,1.970362880440877,2.0361896316905326,0.4576714115633982,0.010304254405896402,True
2.0901849487830613,2.11218702283871,2.1137392493101226,0.4586512857583045,0.011293946889903057,True
2.0703437584105497,2.1278274917120337,2.129405897858051,0.3923378914424,0.01158479056927748,True
2.0360775459487592,2.1452730961292485,2.146792948415689,0.33666934042436886,0.009374012029247893,True
2.118696789098988,2.1562969169538766,2.1575405845769127,0.2871178493694747,0.005544797327982403,True
2.094039677227469,2.1537438933505513,2.1550214349803345,0.22437926102840702,0.0047477318306182745,True
2.2179090712255882,2.1476110702418207,2.1488433769573816,0.15409182747724443,0.006353404173458245,True
2.1906672643668803,2.1472548663384714,2.148484780923413,0.10127350899370995,0.006550589185989119,True
2.269186278365332,2.1493276305963898,2.1505310586490816,0.07733555973955454,0.003559396454196703,True
2.2502475019731696,2.1474862990022547,2.148770479821484,0.0732053510125386,-0.0017726042042812108,True
2.2704880110721612,2.1389080798418685,2.1406848949116415,0.074474532563182,-0.007915074187565629,True
2.1864381463202736,2.126659422550782,2.129369491339349,0.07825004069429511,-0.015676289049863405,True
2.107246871016988,2.1111016464735988,2.115356580796481,0.08624955853122263,-0.022744455050350852,True
2.118742197665339,2.092786177215761,2.098211360833386,0.09129097929809164,-0.025638004877850982,True
2.1602440625634567,2.081865230147171,2.0877407394452097,0.090181234298104,-0.028365198696906607,True
2.138622843298966,2.0639086568390113,2.0698232576435562,0.08845232464903562,-0.030414606821258083,True
2.0406458166990995,2.039828729572988,2.046446575764036,0.09262125117061128,-0.03170589424292954,True
1.952933442216875,2.011950495692271,2.018379773647891,0.09085936914893819,-0.030035664772035134,True
1.874365241753169,1.9863035528211244,1.9922241900125077,0.08944646875397945,-0.024794247615681216,True
1.787153128713831,1.9687525445443095,1.9733694843556404,0.08459738033766102,-0.020151585967543482,True
1.8256492809735816,1.95108721177876,1.954976171374334,0.0838305579314423,-0.01664086115641481,True
1.919304524130026,1.937808235002999,1.9413369016496775,0.085333183981984,-0.011845815704302001,True
1.9306038982950335,1.9311941549643379,1.934285873812245,0.08560682114601512,-0.006074600651219666,True
1.8053884281105073,1.9235525310522807,1.9259752352813584,0.08458992827164731,0.0013610690124046358,True
1.8231345362738582,1.919018612870217,1.9210197363782522,0.0849462743927418,0.008491045743934493,True
1.839896416034823,1.920418449060866,1.9225143224302816,0.08645209109205722,0.013847756474990662,True
1.989671878643126,1.9279465669664675,1.9303812854786944,0.08670232710475523,0.017888397837758852,True
1.9037928220714837,1.9426132644329717,1.9454550098741963,0.08517460052867921,0.01854030126498064,True
1.8947832426048095,1.9586729665071752,1.9612047607407679,0.07242702338224126,0.017755650638507935,True
2.012916917046762,1.975205862843227,1.9776410292945075,0.06797023553624926,0.015196957565406859,True
2.0379780799705403,1.9798911487091453,1.9822714879465841,0.06799289023506759,0.014694075964791973,True
2.0660801523859447,1.9851553307942624,1.9875033933666861,0.06805564572189274,0.014372975659146057,True
2.063043195749486,1.9987767195189525,2.00058046813754,0.06176602119143192,0.010268827704847843,True
2.0733833287064987,2.008759152580473,2.010053539075928,0.05693457812725381,0.00614491711784457,True
2.1090324012172363,2.0177696471376665,2.018606204149603,0.053401685309509055,0.0013107875532758337,True
2.0441083619010847,2.01523404662544,2.0161309108491174,0.05113785838402552,-0.0015982588063141114,True
2.090175622350414,2.0145241733877643,2.0154624802393553,0.05141152174374756,-0.0062630193253826,True
1.9942690979847195,2.0140597668644356,2.015026689806107,0.04965839628533993,-0.012053720928314762,True
2.014830811656904,2.0031281163849206,2.0045537079318527,0.052185516650454414,-0.014243182397121586,True
2.023330647705548,1.993359285187633,1.9949799801744148,0.05062692539600637,-0.01656318938461215,True
1.9828534652581893,1.9786305340411805,1.9805440005806032,0.05012297717043697,-0.01641819292148773,True
1.984064328949922,1.9683513177640726,1.9702365848892147,0.04749735573228414,-0.017021306820232618,True
1.9491022704475005,1.953946149153833,1.9558674468561497,0.046633926833517865,-0.017060936785620123,True
1.8924348502686708,1.9366621141631564,1.9383735697440565,0.04314816854450637,-0.01596590475504248,True
1.8873527382315516,1.922663995336122,1.924370003321346,0.04642476154110907,-0.013506946587795651,True
1.8380105093745192,1.9124421748955178,1.9136720930428306,0.04281623561282444,-0.009139472268148442,True
1.8816767808139363,1.9101409761303871,1.9112946368291293,0.044065274033494015,-0.006686226235746134,True
1.830420134042704,1.9061595755223664,1.9071594365305273,0.0444575933899354,-0.0029432072413218308,True
1.8985757353157615,1.9039753042972363,1.9048607421999602,0.04556658051875887,-0.001392747238199528,True
1.842900630942668,1.89652780153411,1.8973263500542867,0.05007080207726005,6.2577559663171e-06,True
1.8324878413664074,1.8901207430067704,1.8907882093028578,0.05237450564678382,0.004378657309697349,True
1.8201384606685356,1.8944999469977954,1.8953780425454831,0.0552503668003227,0.00799311360370496,True
1.9266264953007455,1.902737449764908,1.903870137909699,0.05713077787261937,0.010182023432138653,True
1.9574499177426292,1.9113200567823903,1.912667481301175,0.05867315422727992,0.012506996184685254,True
1.9511284019285713,1.9248107115535518,1.9263438916198043,0.06015243036313346,0.014230667532183614,True
1.9883823081034688,1.9384257972811185,1.9403621051483002,0.06973478191376312,0.013633954086400432,True
1.8636934210481673,1.9468209406542845,1.9485548575620024,0.06728310154383053,0.009827478157734357,True
1.8815513925124878,1.9449781743785426,1.9467724835879678,0.06871564737945023,0.008062078504639381,True
2.0191695343039004,1.9486309618904682,1.950282040470515,0.06747833273352238,0.0045108934048617025,True
2.0242348945424755,1.9511786501019182,1.952700976639165,0.0664082651266294,0.002571977360409312,True
2.0246744505112644,1.9606065425957824,1.9618316457178029,0.06702456707477791,-0.00026425907942075863,True
2.0538609857131065,1.9624690470202166,1.9636740079878277,0.06962891437970223,-0.003233295583431222,True
2.0995181524550013,1.9555590982259992,1.956969036680628,0.06895784349535258,-0.006368432588139697,True
1.9647424280133594,1.945724591322291,1.9475365258361022,0.07092569792291556,-0.011870226590982705,True
1.869091474903894,1.9251837774765128,1.9282020999653853,0.08417882368584584,-0.015110675326299632,True
1.9013452311334786,1.9147480862452766,1.9185431813099783,0.08938656590014604,-0.01971639673673333,True
1.8732508527496063,1.905333059182638,1.909658741174442,0.09264212927156103,-0.02331067463587,True
1.9709847405703602,1.8882478728509455,1.8927417123733639,0.09467874077570036,-0.02151965304780952,True
1.9564265660916926,1.877274961466358,1.8814819069199973,0.09294976984363544,-0.017343883884447204,True
1.8468907370351517,1.872187761792011,1.8761099096974936,0.09391040118680348,-0.012993629200342577,True
1.7937762914692392,1.865169204057573,1.868621489733651,0.09294691410476796,-0.01013538586275189,True
1.659729286571019,1.8478398090678332,1.8503471134037888,0.08681888606231697,-0.004453305727944751,True
1.6967223613483913,1.8429151293517376,1.8452157123874302,0.08671343849497791,-0.00023194881239860604,True
1.7309109595102696,1.8471204767566798,1.8495470641098497,0.08578668150352804,0.0025001000890812895,True
1.7458065529968154,1.851066648097396,1.853666519838232,0.0862963798349985,0.006968964728186596,True
1.8486683123890773,1.860782229904026,1.863864075262759,0.08862793182813783,0.009051157758798865,True
1.9432792557217173,1.859752274344608,1.8627791631345387,0.0861825797620154,0.015587141071131664,True
1.941564061962093,1.8675915487793664,1.8712571730558356,0.08850702568300352,0.02016075904829053,True
1.8222478326191678,1.8779115682335532,1.8818680477678011,0.08875258881696399,0.023028021151367335,True
1.8859475525558282,1.8942482229347806,1.8985010238523945,0.08887973543055641,0.022065812045885334,True
1.9363770333829684,1.912118110650388,1.9153939061557925,0.07660479989434095,0.01683988166454547,True
1.96448397258494,1.9246969933962026,1.9271614389220426,0.07306237441906549,0.013930024916481177,True
2.028700161655686,1.9417818666326065,1.9436476755362873,0.06707409877539151,0.010701041160869965,True
1.9545054516196705,1.9569173697089788,1.95813149271924,0.061947478664400174,0.00819409178386569,True
2.0818549570478284,1.9688864606967817,1.9699809256636402,0.06245238489323803,0.0073952764364834415,True
2.012011048302142,1.9754543213571738,1.9766237403533997,0.059688652162119236,0.007928284201035373,True
2.055162766688872,1.981282366421092,1.982477216608588,0.057520055825546604,0.009701249184426244,True
1.9456474900207401,1.9993557446969579,2.000327626963039,0.06370394845847273,0.00781978675352842,True
1.897984485281426,2.0115158397121533,2.0123476599806374,0.0688096781548638,0.004378694568368082,True
2.0042689312927324,2.0130915517147994,2.013873177632815,0.06857825660979766,0.0010326099810696507,True
1.9879746022187714,2.010258538184141,2.011139669861181,0.06877619370749212,-0.0007650215362047831,True
2.040173768193924,2.0062368966058077,2.0071432782601546,0.06534435074154045,-0.0005756543446789374,True
2.04836502628799,2.0086697657748127,2.0095345115750094,0.06683070704703734,-0.003760770430343547,True
2.034812782984781,1.9973284034318892,1.998265456434937,0.060902113857677014,-0.004563284456883578,True
2.111421885033025,1.988569815066906,1.9897355319709522,0.06131418090197926,-0.0066993486429769225,True
2.0805090727989572,1.9761339739201582,1.977474787225783,0.06007950686900596,-0.007508612264712642,True
1.9615884254253055,1.9705205518215445,1.9720718092916856,0.05955836358427445,-0.011439800558084384,True
1.9191557560944075,1.9640779596577298,1.9660303794600371,0.0575344024315053,-0.01618894058670924,True
1.964353896402348,1.950558982237819,1.9529486230099113,0.06252358898659612,-0.01855747320652186,True
1.9934313583237462,1.937313936447425,1.9401426737874425,0.0676295159738347,-0.019159737636987858,True
1.900393159561058,1.9257991874804494,1.9285463043888582,0.06721459775958424,-0.016911310403528945,True
1.8718736344624074,1.9181572730670364,1.9206557134035527,0.06850470743338001,-0.01415675963900024,True
1.8561893083409113,1.9115084496828028,1.913783545085476,0.07055196500338798,-0.01165792898452141,True
1.8558327364429212,1.8992723618531913,1.9008660972579474,0.06578339658849375,-0.006764391183651918,True
1.79490301066039,1.890283873960613,1.8913443221993385,0.06427654297390768,-0.0028989775567804547,True
1.7879652925741627,1.886259270502326,1.8872342920056888,0.06553640447409138,-0.002254359633850798,True
1.7760538695724666,1.881549887599473,1.8825334118968775,0.0645742376055496,-0.0029038205444122446,True
1.855937784722312,1.8719541136159452,1.8728871607586262,0.06526972879652537,-0.0024811702483693815,True
1.9260943956733798,1.8599339972161943,1.8606707108413338,0.06532878271232627,-0.001800817161263656,True
1.9284316088370437,1.8512303399655679,1.852087149993452,0.06968130002931897,-0.0017102191182818108,True
1.9156444797592433,1.8471562390968017,1.8480367907420898,0.06978840087987469,-0.0005920051148767928,True
1.9366932665177037,1.848611142194548,1.8495066907081255,0.06890528870936775,-0.0013510498183465199,True
1.8971947700927136,1.8452667021775673,1.8461962303345198,0.06869513801424261,-0.0013749616515564428,True
1.8438056296487602,1.8476778367874496,1.84856404908347,0.06443415136441921,-0.00245711500204189,True
1.810821512665903,1.8512589336290488,1.852079907930959,0.05966812712491025,-0.0029588529984720786,True
1.8011094959277303,1.8583158128348942,1.8590491045986006,0.05545568757619173,-0.003659534093519882,True
1.7611346435510344,1.8613723900553676,1.8621382038529066,0.05773251415158928,-0.00434397301453798,True
1.8066880205621518,1.8554852784768128,1.8561882863373602,0.05544210789132937,-0.00441267890390363,True
1.8794677579048515,1.8462940629821598,1.8469806031589204,0.05562232915964852,-0.003397478233471692,True
1.8023216961712292,1.8400620174546636,1.8406743317284253,0.05455327543355908,-0.0006369039460980473,True
1.833481164418507,1.8380979910351907,1.8386234743406809,0.05056877335840553,0.0002871070229207843,True
1.8452628420397508,1.8311875225901861,1.831687567353439,0.05373007073631002,0.0017419404234537306,True
1.8889639368659963,1.830910719394316,1.8314092463825793,0.05425383859015447,0.004032759500218429,True
1.9048430202498816,1.8386623487311264,1.839319131139626,0.05580313930191592,0.005384440037040313,True
1.8319006104165014,1.847057935996535,1.847827206272264,0.05689517359450874,0.007053632822224075,True
1.7813721609225963,1.8606204712814525,1.861499224695766,0.0594468750798651,0.006644308960018584,True
1.8159317513193052,1.8689043938737797,1.869815569766396,0.0622070784484898,0.006841631030439369,True
1.90526884380614,1.8727616710532806,1.873752272452528,0.06607538454780205,0.006580771590442107,True
1.7866272749726388,1.8759135495901944,1.8768238931971075,0.065463894895098,0.002358673322467172,True
1.8393767785148378,1.8697071262729401,1.8709156904095514,0.06971050131503115,0.000881898667314501,True
1.9348475820548707,1.8687917974401178,1.8700162783472483,0.06962163411651905,-0.0009886014286962148,True
1.9354388921742673,1.8630393793824889,1.8643385169487254,0.06863413832275485,-0.0017152687198107956,True
1.9781352081097137,1.8564901149951298,1.8578196227004273,0.06699575240289651,-0.002916781923580814,True
1.9392307820393886,1.851175079115855,1.8526933122483786,0.06989917630945573,-0.006254364258960283,True
1.9411841927768676,1.8461038721026215,1.8479222303732659,0.07460851512785874,-0.009706676491981741,True
1.8527517527618484,1.8410311163575743,1.8430422509191293,0.0773934399453926,-0.012360649091103546,True
1.7341783913424387,1.8301254310472301,1.8322530276526101,0.08118075197214478,-0.011598738530203583,True
1.8306175807145895,1.830576192417329,1.8326933986435934,0.07911625282423626,-0.012042057478500819,True
1.7969252479439344,1.83135988397883,1.8334824592318058,0.07886658905423652,-0.010668793629271674,True
1.8000547900521384,1.828768125459995,1.8307747235253584,0.07719213121732393,-0.0067276189727801935,True
1.7468600363481062,1.82803373072074,1.8300005369912757,0.07546457198570963,-0.0006654069546828093,True
1.7002328487108578,1.8312628666007686,1.8335332386507135,0.07542143221153594,0.004763711155653005,True
1.734767659398552,1.8326406645182416,1.8349981598728058,0.1602288920710842,0.00942523228196364,True
1.7307778788406305,1.8340534102471209,1.8365007431795723,0.4704052738171177,0.015508735562098813,True
1.7938394568942178,1.8455802566372723,1.8486680719936435,0.9807774749015622,0.02078457338173058,True
1.8519158434988607,1.8689113877604895,1.8727529987052312,1.716171078943629,0.020831726573448422,True
1.893379445753508,1.879875863775587,1.8839508579103459,2.72919079009197,0.02195459606515023,True
1.9236885763461884,1.8917180664611772,1.8958042476074068,4.0052445256492915,0.023590219556326383,True
2.0298013821901733,1.908585122272194,1.9129424862257078,5.539056918834188,0.21436241114951193,True
1.9612755487189542,2.5335624466094817,3.4774115766755704,6.047962393522915,0.5596580374093377,True
1.963788124438936,3.7354442558226766,6.268306571256963,6.17623866169876,1.0277174865358796,True
2.0371812950042707,5.479626750134527,9.696284402446553,6.183130532048218,1.59039167986164,True
2.1074764893139126,7.7415074889872555,13.553790212947069,6.2005127116162315,2.2195608168214314,True
2.0060491969561514,10.49438396568657,17.74358837326117,6.288502729250817,2.889050557908295,True
1.9864004909133763,13.712320804837201,22.19088787776498,6.452425114053883,3.573643769132065,True
2.0699276830284057,17.374420810639347,26.84918281441789,6.6662258677711765,4.248914803234894,True
11.746497225744713,21.4600830817908,31.680907193138353,6.890416741585767,4.890629901770109,True
20.930341796121976,25.940967221187126,36.64865144791147,7.084611195234379,5.480137695255276,True
29.641687568388143,30.81320190738767,41.737920119053435,7.256287244240824,5.995475929292273,True
37.92086970048429,36.062176287231686,46.941425581397425,7.404857624979399,6.411633516815535,True
45.839863084083234,41.64639004465084,52.203301043693614,7.4929522138622096,6.714392099457727,True
53.338905269908985,47.558190670884294,57.526452939725445,7.484652206671474,6.884465459322428,True
60.486979538587825,53.78797798392169,62.8907887289578,7.291459893145319,6.9029304758686765,True
67.29428491476945,60.32080436666122,68.29385078299612,6.7881838693204015,6.754197541743722,True
73.7239476125314,67.13329817409922,73.72119060241221,5.726984819273234,6.425811366608117,True
79.91703052792761,73.61470295581856,79.11522784852413,5.305345743480085,6.115073911711963,True
85.94737820194324,79.78376274894774,84.41787202532973,5.266214960977767,5.819295801298327,True
91.38460141371084,85.65318853034084,89.58537286730046,5.356283403062933,5.538339793465669,True
96.6962865090491,91.24162999236232,94.59950845741488,5.426545998015146,5.266946275743735,True
101.68264620555452,96.54672110463346,99.4270595371636,5.3996286538447285,5.010887831905249,True
106.51162261474582,101.60020193085296,104.08379861308009,5.276242530191133,4.766859143722081,True
111.06982860203651,106.40826792809472,108.558591972539,5.072813512433811,4.535334806112459,True
115.44897373325408,110.98498856464103,112.85426055139494,4.832071535592249,4.312936652423966,True
119.63529848618857,115.33557848738279,116.96329156838726,4.603445109415325,4.099089302534643,True
123.55250007067798,119.46832623675473,120.88936716672876,4.3810978789173,3.896373789828792,True
127.3359330928281,123.38918577398225,124.63620870833815,4.154837352152348,3.7071754087470223,True
130.72132088042156,127.12651543005353,128.2214311667993,3.9513342042524213,3.5250283730981655,True
134.19459848942097,130.68168068750697,131.64537655090888,3.758567273113191,3.353234154559873,True
137.4160354944556,134.0706134071918,134.92017751391998,3.5829513291609416,3.1862331265201296,True
140.5218150995106,137.28498250494533,138.03443170492648,3.4097787388981065,3.029296050701294,True
143.33338637639952,140.34652768784207,141.00909146596246,3.249309462368627,2.8798243058320305,True
146.04099451787877,143.25597731609588,143.8429288415204,3.095008819015122,2.7381693384858385,True
148.68113079758345,146.0186822584767,146.53990192472216,2.94356063153211,2.6030880498524835,True
151.18187591085115,148.64120852346332,149.10407275911723,2.7965802598079827,2.4757002659815726,True
153.57893062830448,151.1347839550886,151.5472029333901,2.65269201683484,2.3532793182990543,True
155.9055697205117,153.50783680540854,153.8735649825741,2.524711941918863,2.2352326694263085,True
157.94152817880234,155.76279775218757,156.08856056775943,2.397217182991984,2.1237520158608167,True
160.05455152838414,157.9021382639787,158.1923720307885,2.272683213820482,2.0190847166267654,True
162.00016778531517,159.9351628685446,160.19465099859872,2.1495509404617077,1.9215245979443818,True
163.83857756428185,161.87513525656823,162.10696381749867,2.040827536365396,1.8291717063541522,True
165.5129203104636,163.729253515803,163.9366534351006,1.9459449561966133,1.7403124019962428,True
167.23313999883246,165.49203834042115,165.6777914720643,1.8549377904124582,1.6554790489249205,True
168.6901664855405,167.1666989007818,167.33307815551038,1.7664588452810137,1.5746395426854867,True
170.2739736378855,168.7573099285441,168.90650793099422,1.679511260525824,1.5001792129916558,True
171.6454836831141,170.27185009691198,170.4064559452388,1.5936477893307173,1.4315909223435357,True
173.05020877256496,171.72176256387797,171.84294849636,1.522685168553629,1.3635997263523219,True
174.37294458477723,173.0955059654416,173.2049117402874,1.4465334929620686,1.3000768495763826,True
175.70688666563532,174.40154508429225,174.5004022190672,1.3714642289981864,1.2380318006645163,True
176.88568799147362,175.6390480420724,175.72818339814773,1.2959061157244316,1.1798231043470946,True
177.9764448766213,176.8239202106481,176.90415625116896,1.2323874247516262,1.1208958613036668,True
179.02870707250148,177.94245088044715,178.01463160335302,1.1638041992484691,1.0672651781991698,True
180.13821241439814,179.01910278283415,179.08377121141206,1.0997607955700717,1.0137885749872941,True
181.14012765025834,180.04077520023642,180.09893555568752,1.033186276264535,0.9670480669369443,True
182.03444595340153,181.02692064829301,181.0793227804721,0.975562675474167,0.9190978731882627,True
182.89679368692617,181.9589637082758,182.00604632570608,0.9347542548003951,0.8735242008275337,True
183.6386248887642,182.84462100632655,182.88690620877355,0.9780861997270528,0.8322328991961009,True
184.47087500767452,183.6885931550164,183.72697277149746,1.2234173215262885,0.7955114242881779,True
185.12963071561757,184.49558168205516,184.53051144218904,1.7263588005658161,0.9521663885209095,True
185.9165969237324,185.87798378654793,185.94127096012636,4.563074680639913,0.9487026632443375,True
186.62073231632186,186.7888691387272,186.8517618168157,5.511422513864433,0.8067701903587501,True
187.42381085201978,187.237135555814,187.29200677193327,5.895627534561852,0.5500397132946643,True
187.96289773228912,187.24355285060798,187.2982149374653,6.023558114323828,0.19646450838981316,True
188.54346135358946,186.82356514107104,186.89713505978082,6.042190874283639,-0.23469010746901564,True
189.2104410446731,185.9940029681344,186.11314124678591,6.03787874404114,-0.7260832741270566,True
189.79750442409338,184.76847395944804,184.96492414112274,6.058925971711464,-1.2586877955789495,True
200.09487854850573,183.16001254872373,183.46658814231856,6.1193363950409525,-1.8119855072843318,True
193.60287270736944,181.19134605354753,181.639979977929,6.214635717378519,-2.3728505354048757,True
187.31047508778767,178.86211780564736,179.48204037022492,6.304042335115789,-2.923035742745861,True
181.24280436696188,176.1825841054505,176.9987800700132,6.389414317976822,-3.4440031276294887,True
175.31464260081012,173.1670396312939,174.1944161206162,6.464898731294762,-3.918609593866604,True
169.6237989199401,169.83844218755553,171.08378631788307,6.530888884656938,-4.3382310436818825,True
164.0301607497825,166.19905664684634,167.65804269582424,6.581453079859897,-4.686425217730832,True
158.73549243608565,162.25445089802972,163.90685380987117,6.592614347194696,-4.94823475968851,True
153.6309667927982,158.01374275349545,159.8231609288132,6.531429448005084,-5.110203706010086,True
148.6489449573296,152.88091064549488,154.6314049019137,5.04783998094305,-4.943727895178221,True
143.74819311317225,147.91555666971612,149.6086014779118,4.068680504098887,-4.7800401336992335,True
139.17509926551418,143.1196717559476,144.7553206847533,3.5651242953083053,-4.6220032076902,True
134.7053386324751,138.47879346117298,140.05875657864058,3.420039943588054,-4.467419968356375,True
130.31329270224262,133.9965362837104,135.52230345817622,3.454625228008698,-4.319109994318549,True
126.09674906360695,129.6601887663729,131.133755427854,3.5253172312253476,-4.17500520854031,True
121.94617411154506,125.47367388748,126.89784436616321,3.5475430541794966,-4.037541142126335,True
117.96956482049673,121.4231965109928,122.79924973102275,3.4972190141394086,-3.9029919101847454,True
114.15720909490919,117.50706804987544,118.83499284871087,3.3767469815892954,-3.772793923147296,True
110.57631646749113,113.71796315540875,114.99991169554545,3.2624212551148353,-3.6487754674321455,True
106.98875165056832,110.05319624802054,111.29357893209765,3.1499937676048884,-3.5319158439656033,True
103.59852776140906,106.4996300551548,107.69944372758371,3.0513222207181094,-3.417205066398531,True
100.24223864253986,103.06019704691985,104.22008152829832,2.9596616906100426,-3.3062268242712487,True
97.04592268749605,99.7328003661457,100.8551558290819,2.8707721828394304,-3.198120113540996,True
93.92785441229024,96.518362942001,97.60340140621219,2.782126942443369,-3.093492647920377,True
90.97291141492074,93.41397565796984,94.46418997754647,2.6896456616844278,-2.9904846885063874,True
88.0232666458626,90.42432680259554,91.43913846761595,2.5885422579233546,-2.8940347621005036,True
85.11192259496083,87.52687842362589,88.50937869266203,2.493849147484176,-2.8005144798821053,True
82.31804017966235,84.71998877850025,85.66923107430227,2.4085462217090137,-2.7091989350185988,True
79.67441050071605,82.00323891768647,82.92156219856969,2.3265506531290825,-2.6215008584602226,True
77.07494580985608,79.37147643817855,80.25902329855828,2.2533317927485816,-2.534810828873047,True
74.66575027729179,76.82918756201317,77.68676263090654,2.1808288199038026,-2.453706967512865,True
72.2759775670465,74.36084448222316,75.19063309780374,2.1205926515843427,-2.3733631370160517,True
70.13518313450813,71.97618493347301,72.77805310962844,2.061064435788034,-2.292537686823605,True
67.79803503139452,69.67454130844487,70.44594796890179,2.002346762814909,-2.213341334454955,True
65.66608214548097,67.44903621637658,68.19153243323298,1.9433880380488127,-2.1366571032677237,True
63.52075387754797,65.3036474027815,66.01917791747371,1.8780122484250437,-2.0629867882954045,True
61.490328089282045,63.2370547836895,63.926747338221425,1.8061894516566588,-1.993685705782715,True
59.56561662389382,61.23805566463624,61.90336688814569,1.736296906307212,-1.9279129292632073,True
57.55243341085586,59.30562857846093,59.94907670086001,1.6660066155473483,-1.868336054850185,True
55.773301632287776,57.424939932513325,58.04857945064817,1.6087605610302254,-1.808499613644778,True
54.146613414470636,55.60992809014858,56.21372033267007,1.5512551969800517,-1.750767271597995,True
52.41518517277008,53.84449339784411,54.42621002027188,1.5095658621538979,-1.6924103574863671,True
50.785701577439355,52.14024160093653,52.7028849125817,1.4640778752165757,-1.637355288712415,True
49.252558274190484,50.49175250921584,51.03503403008042,1.4211792159372518,-1.5838680674030357,True
47.69042459586384,48.89953483935216,49.42529189321289,1.376206676020885,-1.5335088070407366,True
46.15611243105123,47.359304213749134,47.868547834742635,1.3317134135409499,-1.4839283479680774,True
44.57473194213007,45.871258409188385,46.36327884267957,1.2875079764944297,-1.436819139095554,True
43.235788089210544,44.43544818644625,44.914025610111665,1.2365837363664918,-1.3922443908377409,True
41.88822805763659,43.04910277962733,43.51297315532227,1.1870945758896474,-1.3499922560633613,True
40.53000628087309,41.69492461625169,42.14346077119407,1.153891997691903,-1.3065850568418054,True
39.29025667795012,40.385038229099315,40.819214204261236,1.1221247300679895,-1.2620704612114275,True
38.04527115972903,39.12500285942046,39.542732756547984,1.0874812020287938,-1.2171252483102788,True
36.84663807963366,37.90649984224356,38.306069046302774,1.0565412343070402,-1.172304078210924,True
35.75688375092182,36.72874337283731,37.11082427549608,1.0261446972414072,-1.1304051205006138,True
34.57946984698162,35.587980657961396,35.95453194387654,0.9970018359087979,-1.0910970395450015,True
33.59177512318518,34.49109497492875,34.845259762912214,0.9595122776499181,-1.0556811029292794,True
32.47976280046027,33.42721264279868,33.76841831775755,0.9273191317296768,-1.0202438553573216,True
31.457002978332074,32.39831944060618,32.72685424886675,0.8955767386581094,-0.9859874924681297,True
30.625135662577797,31.406161881234397,31.723377984737954,0.8614240642827462,-0.9539920608873862,True
29.756509999360063,30.445151119625866,30.751140770996646,0.8307513453743205,-0.9229004775330024,True
28.846321085363826,29.51642894166625,29.8121801060228,0.7993345974840701,-0.8950366910066045,True
27.903908993036634,28.614054051467257,28.901481065348626,0.7708609560518446,-0.8687496418899987,True
27.02456101360772,27.736880662550128,28.01564856369509,0.7482598779558782,-0.8407363241120456,True
26.21367077512936,26.897261095917152,27.167788679548373,0.7171957806067123,-0.8166741144063919,True
25.42593682255661,26.075414215708143,26.33782578872828,0.6969172784169433,-0.7915313109842412,True
24.65548533092457,25.285512558351925,25.54119308875107,0.6705874634050526,-0.7693716634434757,True
23.914084492213593,24.520787643507585,24.770900340425214,0.6444036118672185,-0.7478671309090703,True
23.185716312375188,23.774298131342587,24.01646859932047,0.6282072634550003,-0.7242985812295846,True
22.408639836449805,23.047357295992654,23.280537089158134,0.6178050004200524,-0.6975893559662597,True
21.722109528247685,22.35073567072334,22.573390795919426,0.6026316964662914,-0.6708599346629551,True
21.145556780854076,21.682888280068013,21.89573448415046,0.5824653180149065,-0.6477765918311819,True
20.442225039841023,21.03379809493752,21.23867988064591,0.5644342250730007,-0.6249474041599463,True
19.841336282760818,20.408401405710705,20.604649318646313,0.5451739726887018,-0.6034983672224798,True
19.2214043408226,19.800344911807343,19.988658903082428,0.5292892941864717,-0.5829938205475856,True
18.681303467937802,19.210657383716914,19.391547706127465,0.5149988995948197,-0.562402245164562,True
18.125456633761157,18.64202708926878,18.815127509924405,0.5003244895357908,-0.5427405038443162,True
17.700375081054784,18.09121472559886,18.257091032348537,0.4819189118575714,-0.5224888588900862,True
17.21835074255139,17.567521425288767,17.726785907921233,0.5070212146021479,-0.5055561293935484,True
16.639118051519837,17.05926284342648,17.21311331613467,0.5994056610230025,-0.4902035323537469,True
16.207323747500322,16.5613779576003,16.709320558882876,0.7620632881868058,-0.47439540517629186,True
15.697032920102828,16.08270224388503,16.226431747003748,0.9695321012869085,-0.46094822776217437,True
15.220484881477704,15.618180319715545,15.758048918327205,1.2146656517430545,-0.44616937907588905,True
14.815999781043429,15.176139150893562,15.311734322045131,1.501633258055228,-0.6251868045175343,True
14.372718493656517,14.133619263112484,14.59066518776997,2.072675144213939,-0.7719025093630634,True
14.029547031488272,13.132242855450237,13.879148989633912,2.395100492446928,-0.8878839099594344,True
13.589972218451157,12.164968015804588,13.16656567167954,2.5864458538708317,-0.9761392623663865,True
13.179398607635154,11.221854718007613,12.454402577542151,2.710358950852331,-1.0371564440270606,True
12.783413620396741,10.314002491585715,11.751066056586422,2.7816443013432184,-1.0756466182662012,True
12.40898549604905,9.427662760207909,11.042043897011755,2.821344034224642,-1.0888358984611677,True
12.148745639670821,8.570057482887247,10.332995977422707,2.8379783095775286,-1.0790680707309834,True
2.0009852634405783,7.74010475653933,9.619115576265417,2.8412131190654413,-1.0471680482432357,True
2.1034341111652157,6.9320188813788715,8.889894750603641,2.8398814596381357,-0.9924135248389911,True
2.223977646724389,6.148756392733513,8.144385070883606,2.8394669091010303,-0.9153352989662573,True
2.12853797779979,5.387896191472993,7.365086025341642,2.8307341076319297,-0.81615553851408,True
2.113482428769459,4.651298748727218,6.550192919070559,2.808489738855848,-0.6951427247320029,True
2.025888045455434,3.9453537596180963,5.680748164313482,2.765581522330353,-0.5552356102073023,True
1.975348482972223,3.261801142865849,4.719166761384416,2.695934737555793,-0.39253028741558665,True
1.9412412599110493,2.613624557344811,3.5925246555619568,2.5909418714054246,-0.2123912791242703,True
1.8866257784760956,1.9796625199589921,1.983197459545321,2.4316010570013673,-0.012424774348958343,True
1.8405186753307763,1.980155387480711,1.9836956650496804,1.9632245493064258,-0.013003313767957093,True
1.8557838113199445,1.969304505604879,1.972633804736431,1.54827018071975,-0.00893394893614862,True
1.8044131345187684,1.9579754343387785,1.9603434624506635,1.197754653236928,-0.0008652734578786102,True
1.8842787818892113,1.9564090401853502,1.958651957172536,0.8782675444049707,0.005438435764012708,True
1.8465717523607788,1.9559269679427191,1.958132657713916,0.6078306303104412,0.009570283252473586,True
2.0381601277124455,1.9548774481659723,1.9570510238457228,0.37307874400575597,0.012246842692872167,True
2.005353041497715,1.957691379376261,1.959921526687269,0.18910254832373768,0.01244283360355801,True
2.0088711437880806,1.9582406638959002,1.9604667316059714,0.0878448842509135,0.013815903962756773,True
1.9298200011519064,1.9681557187536372,1.9703844129809627,0.0850891434925065,0.01454811342648063,True
2.042712506466779,1.9835625729005322,1.9856802056133076,0.07989584659756317,0.013628387196439596,True
2.103475671344937,1.997557361739173,1.999500475103194,0.0764146724078621,0.009358424762600842,True
2.1057692728873634,2.004879217583789,2.006310845511284,0.07015733681709342,0.0028678001441573603,True
2.009095729027485,2.004257009034975,2.0057279412669544,0.0754005822725693,-0.0008536633841325487,True
2.0203713823368394,2.009748811777299,2.0108975976821317,0.07198570409560544,-0.003910101479978953,True
1.9500298122252782,2.0084292743143743,2.009566657252681,0.06912770348629908,-0.0019033923263902304,True
2.045266656199888,2.0131597459551003,2.014370551591169,0.07167350697186615,-0.00283677920795968,True
2.087028341681095,2.0109405319341227,2.0121757596379055,0.07061587828202268,-0.0031810462694657473,True
2.079700432738195,2.0150425506085883,2.0161728169866384,0.07016261984160921,-0.004028099840533385,True
1.9215628280326265,2.015939604450716,2.017084665910171,0.07273825150087725,-0.004815575793864396,True
1.8743234451081907,2.00628521429258,2.00736302541432,0.06774858624356538,-0.0038923290030814122,True
1.9344405962379545,1.9969359062102545,1.9978813521882093,0.0629602406791535,-0.002106421230532557,True
2.0170475283056506,1.995066412891858,1.9960144877787829,0.063630361629208,-0.0024353763541377447,True
2.0810405877493308,1.9915594755865786,1.9925109740296374,0.0639084781961849,-0.004479610717390249,True
1.973363719452444,1.9858383383419012,1.987035708747225,0.06487677722712568,-0.007645706348744658,True
1.9954522999433515,1.974270171533124,1.9756346058608452,0.06617729423110123,-0.008464577397982532,True
2.0570653679408246,1.9601753541377573,1.961498955177794,0.06533434999617592,-0.007678736947302815,True
1.9490054288147662,1.9472815914403125,1.9484629350604918,0.08066370401996913,-0.006821498526238454,True
1.956180343570157,1.9433452840393182,1.9446408402573743,0.11000588391811292,-0.009015887664793214,True
1.9791838359331408,1.9420259370937885,1.9433759498857224,0.15026027163251746,-0.011699789549841104,True
1.9642603854523657,1.938176489387788,1.939601536070058,0.20685164408101542,-0.012159457946680094,True
1.8584916163104388,1.9320153497623618,1.9333408520183524,0.27768761836666417,-0.010876122198375502,True
1.8601759872594492,1.9214773939269416,1.9224265392163205,0.3501890050758264,-0.009296918548111956,True
1.8615112633552304,1.7981421614611641,1.858046965392705,0.35017511800343537,-0.009806648936264477,True
1.8734002295790806,1.6734263927147046,1.7898251752673258,0.35013507480466827,-0.009516952722058297,True
1.8585819096167144,1.5448598072184032,1.7143524397048202,0.34929620801698985,-0.006335496210989589,True
1.8532138939797191,1.4230469679174804,1.6436515453176288,0.3492959421594995,-0.00589792643951987,True
1.8728494329419425,1.3007856964443454,1.5692116831037768,0.3492812033834914,-0.004460883297911347,True
1.918469294298834,1.177086706698524,1.4891615981360784,0.3491576502049399,-0.00013905014173015603,True
1.9124332943826088,1.054320432607751,1.4058653336991802,0.3490967510512178,0.006552277283014972,True
