ppm,mean,rms,std,slope,label
2.0,0.9792003368170699,1.3853381889781131,0.4360858371795748,0.0006660908105977949,True
1.9102016786058005,1.1008690670968653,1.4683372830135177,0.4361815018191329,0.0005439184768120029,True
1.8682982403012143,1.2232560165756992,1.5477956658200311,0.43622341488413197,0.00223417592683027,True
1.975724236259252,1.3480926942034486,1.6263513028953578,0.4362480754888722,0.0027053836214895877,True
1.996320819795522,1.4722501039710538,1.700488035486473,0.4362489442169809,0.003517831893762829,True
2.0429117312538674,1.5975769412477232,1.7728419605540162,0.4362765912275512,0.004176653771664154,True
1.9680653164182134,1.7234476995012862,1.842949750165272,0.4363457345431613,0.005614877236422131,True
1.9056833664392498,1.8521044717258832,1.9134536373432904,0.4368976255313234,0.007327865724044217,True
1.9466996844767248,1.9832390091740826,1.9840476538758636,0.43816388623847263,0.006165346543721605,True
1.958191191661343,1.9823788460260827,1.98318336982453,0.35620460474700744,0.003983149991066467,True
1.997386842043989,1.9788328453548922,1.9798157266300944,0.29473935059965206,0.0017887682154163506,True
1.9865185562816836,1.9830361141826807,1.9838495180890632,0.2470010164101747,0.00019479719277962882,True
2.0052293964267087,1.985583441035832,1.9864109250632525,0.19090408537155337,-0.0006418847868280854,True
2.013932132057009,1.9828616313518879,1.9837035273696468,0.13911266311742895,-0.0030171099275424574,True
2.058508355593553,1.9706962706942601,1.9717358100143278,0.09026669495499923,-0.003438926677585055,True
2.0981525991711885,1.9650026981607767,1.966176525016165,0.07157666672078623,-0.0036480806740988555,True
1.986237389632004,1.9678520643883948,1.9689692758854207,0.0705657430058732,-0.0029340188863049557,True
1.853465667866752,1.9753357037032884,1.9765811098169404,0.07381551742405702,-0.0012971883395597144,True
1.9355505415458296,1.9834143842753207,1.9848315614264413,0.07807999162673428,-0.00044636500608243404,True
2.0164814659096715,1.9868295545786114,1.9883122928503956,0.07884842159708352,-0.0001646978011056607,True
1.9527718648524204,1.9870869757214469,1.9885697317178388,0.07908708941707404,-6.521970853654671e-05,True
1.8482659607318197,1.9863056870624172,1.987784198177331,0.07931142427044291,0.00010108619869203479,True
1.8769681558824787,1.9839264024942782,1.9853949630132108,0.08038708849951298,-0.0005918688043180393,True
1.9512732260811387,1.9751808782558082,1.9766161581924921,0.08468465750277436,0.002581952974996981,True
2.066437913515027,1.9724037352865544,1.973697316641631,0.07810084709689011,0.008584223516880566,True
2.0874500808138596,1.9828120652494283,1.984580877493282,0.07930500522278756,0.012871110748817107,True
2.052029566896639,2.004346585363732,2.0064416302570467,0.07681507824620211,0.012044380641209508,True
1.9906372945670516,2.0154411932279133,2.0176039773272216,0.07587807465084204,0.013065438323849798,True
1.9927287778822331,2.0236239632788497,2.0260300938616274,0.07572335376746495,0.015671439159885097,True
1.9758635789667827,2.0368052531809377,2.0393768626262294,0.07568883783374014,0.01655057099784085,True
1.9185799677780364,2.0566432784630235,2.0588070908860594,0.06778019324514756,0.015585522572092145,True
2.053718311663128,2.077820464125434,2.079749988533024,0.06517486470989779,0.014465564801742712,True
2.1527706690379866,2.0947130703753984,2.0966282354595784,0.06796381113780413,0.014359086893450128,True
2.1980179896956145,2.10510585961488,2.1072565639334098,0.06776195888653964,0.016168003196044806,True
2.1130642673727245,2.1143920131357055,2.1167613735210757,0.0668709295562,0.017731489384232645,True
2.1474057867246525,2.124957149020611,2.1273985541969584,0.06871932316750531,0.015437559599319459,True
2.163672503285829,2.1305982126172958,2.132789810817866,0.0703997029066443,0.011579094879201762,True
2.1656743652451977,2.1356637533710026,2.137613489396397,0.07272875790949418,0.006691655056840832,True
2.2158031264810445,2.1390059858055386,2.1407423359693403,0.07784406948963518,-0.000249530175928629,True
2.2215549260805645,2.140853984430228,2.1424106648534393,0.08722878661048813,-0.006255280176267171,True
2.23272254134674,2.1410487618928538,2.142597512360477,0.0900895809478179,-0.007751945926542894,True
2.2360285371470616,2.1410036737566367,2.1425522172553944,0.08894232564253728,-0.006152761072186313,True
2.2210717410551286,2.141802243528628,2.1433736838299167,0.08796675275802561,-0.004017424841008562,True
2.080894312114008,2.1468912671398144,2.1484813210760985,0.08994120049361867,-0.0027304721208280544,True
2.073777429941541,2.1530754589467804,2.154795543250165,0.09641876625301965,-0.0017230606118497137,True
2.029339297919362,2.1559786223743416,2.157739946494592,0.09992241855134099,-0.0008899675616772284,True
1.9481479457730564,2.15754725498537,2.159322889541803,0.10208676129134611,-0.0019266697770666623,True
2.0568347510651472,2.1500938303140975,2.1518674574771683,0.10031246078540983,-0.0015050810299614909,True
2.1520492588585176,2.1428644949496567,2.1445859824226945,0.09832275213843603,-0.0009275944005732915,True
2.2107951060474766,2.134170953735332,2.1357990887905953,0.09590379282791224,-0.0015981138810453892,True
2.1944886451517074,2.1195080997023816,2.121203577261175,0.09755169246791327,-0.001693212846532119,True
2.2463528556361108,2.1055747168250534,2.1073008225661174,0.09965404849137796,-0.001623497035967247,True
2.2101231181268037,2.100120897251289,2.1020216504342293,0.10178321833222731,-0.00195497925746077,True
2.19077248702165,2.1019124259482176,2.1038005693622575,0.09994605988549618,-0.0017455482087461837,True
2.0965483317406832,2.1088742451682165,2.110689009099848,0.09657278046356747,-0.0030809074528273996,True
2.1058855602495115,2.1196341154929588,2.121033740567378,0.08316466687965295,-0.0064913595371647575,True
2.0936258819175495,2.1234061453583655,2.1247420229742193,0.08230451984964846,-0.00821127428991825,True
2.0014228726198495,2.1202944346335304,2.1216244904724335,0.08433567041281688,-0.008481702629610226,True
1.998137615017876,2.1117914758233285,2.113019328841984,0.08354384739758101,-0.008760092377078102,True
1.993633198933786,2.0995478085312413,2.100836029914038,0.08143268531879091,-0.009051633776306056,True
2.102441889092397,2.083509402588369,2.0846035292229423,0.07350705058259863,-0.008544854138505037,True
2.140728405439342,2.067033689647224,2.068112267697708,0.06970231832570645,-0.009415996081540803,True
2.120305870968928,2.0475801605879225,2.048879419587777,0.1934769924692868,-0.008947876601529927,True
2.117187228911654,2.037062260331301,2.0385225834290894,0.5017818909682047,-0.009243517206165083,True
2.102261887261158,2.0281005701960524,2.0295602296283772,1.0161722934156936,-0.010996346430713622,True
2.0747477650842514,2.013556533181869,2.0153410741735476,1.7846648971220926,-0.012154486949515018,True
1.9985899684783164,2.005618979767336,2.0076939307088986,2.791014407270957,-0.013268492605821136,True
1.9897383605501533,2.002797928731419,2.0049160970701503,4.044359175679596,-0.012951907104535807,True
1.9465117110684793,2.0046711102362145,2.0067918603844745,5.566087811503738,0.17768492868864116,True
1.8795160220728186,2.606905220104857,3.5160365156792683,6.068532879744252,0.5267541269943083,True
1.928261927634748,3.7802282988090443,6.277980377365572,6.195386499763766,1.0006823667283091,True
1.9624985180855299,5.497088458036785,9.687895327188961,6.202511579191683,1.5685476315120652,True
1.8609212896906158,7.72945172804707,13.529342563123324,6.219047137829828,2.2044013644278193,True
1.8744220179873157,10.458701397961121,17.711554575635546,6.305529504870084,2.8809209351011766,True
1.9530007984432138,13.661382100955999,22.16085047358794,6.46941462284974,3.5730911579903597,True
2.023604103010511,17.32076384068711,26.83258646604314,6.688031764642681,4.254759600819324,True
11.738187646990674,21.409406961726045,31.681704463589814,6.9203453794626695,4.902294983113252,True
20.913897664706344,25.90358623352753,36.66590650890953,7.1229468842134,5.491702968153119,True
29.590068418612784,30.781145731711717,41.75371826681097,7.295013474607415,6.002948527588322,True
37.834999549076215,36.02039804701867,46.93372484490411,7.434202712171158,6.419209370183789,True
45.770256605885976,41.60660671081153,52.1918769161729,7.519889721954781,6.7207320412747364,True
53.31763901300229,47.52957232577936,57.50948363941723,7.500194482528092,6.886175816365451,True
60.54869780417611,53.76466194287357,62.8707926427554,7.301026863050672,6.901812638214123,True
67.4080282971731,60.2958731293485,68.26972243864539,6.800889822812024,6.751767458235696,True
73.85338005989225,67.10605045299496,73.69106764235771,5.743504440540525,6.420516526004881,True
79.9204679930198,73.57833242875854,79.07316937193514,5.325431043877947,6.107454658322343,True
85.75629897254602,79.7369839471342,84.36250794123647,5.284572518094546,5.809439657751583,True
91.3418371387714,85.59768624599923,89.51779271809048,5.371328980445466,5.525416844139529,True
96.6283711291758,91.17800756038014,94.51951067104274,5.438868219309219,5.254317467416535,True
101.6358558914947,96.48580073243798,99.35078611768996,5.418700290409297,4.995632041124809,True
106.452379782042,101.52897255150734,103.99661553728002,5.294171508421761,4.7498687546990235,True
110.98644128135396,106.32007759388992,108.45626485529412,5.082915255715494,4.519942191377899,True
115.29469925920785,110.87990099120576,112.73939252182356,4.830683437298834,4.3013531695464495,True
119.45232195871696,115.21429808570215,116.83741844484126,4.589926478163949,4.091126119515949,True
123.36130520045326,119.33512112113569,120.75329179654366,4.363165836408018,3.8882170073052587,True
127.12014057917094,123.2504405307582,124.49160494065569,4.145118862996493,3.6961052349840813,True
130.69494735881142,126.9757558158719,128.06545813919996,3.937213336435297,3.5148186071019625,True
134.0083881181119,130.52173614973492,131.48091040256764,3.7417882410942767,3.3429695474061587,True
137.20637848229742,133.8976701018795,134.74350653888536,3.5598989176655786,3.181092164458984,True
140.36520265422644,137.11337997687428,137.86190602251398,3.388905838015217,3.0248029548329205,True
143.2037335718344,140.16445430183825,140.8265094631301,3.2221233441441055,2.877110340919101,True
145.8536365599565,143.0716695989326,143.65830712780988,3.0678342738966475,2.738567804109149,True
148.40140952650628,145.84233513659717,146.36413314355343,2.922293429090742,2.6062914533574575,True
150.9468817005904,148.47514446320267,148.93938370966885,2.781586578808688,2.4801839819926776,True
153.36405647098422,150.97747959490124,151.39128543292293,2.6429180261227603,2.360394356802982,True
155.65079912580816,153.35439211784785,153.72383559300945,2.505303965596827,2.246622717820952,True
157.90373778195823,155.61708556601587,155.94670223913533,2.376302342665697,2.137535159042497,True
159.80363048077743,157.77058175563596,158.06492811242876,2.2531639531208785,2.0358130834345265,True
161.81014401271784,159.81944153805733,160.08392785927944,2.129348571312579,1.943634560571798,True
163.78297056134983,161.77999417456073,162.01815064962867,2.019815848021535,1.8540265162865648,True
165.48625442614096,163.6507821719847,163.86458180137853,1.9229699057007903,1.76834489482743,True
167.1575026863482,165.4430793946779,165.6350123209718,1.8423427125393843,1.684013209522827,True
168.72554772595703,167.1453888704106,167.3177804104801,1.7613938228787762,1.605517304149691,True
170.21148328880057,168.76892314511167,168.92423468088694,1.6845588698712008,1.5299793597320208,True
171.6623175162189,170.3108328656198,170.45068434082745,1.6072500382287092,1.4574424499251146,True
173.14695917296805,171.77131701707737,171.89763182934158,1.5231269825997695,1.3898398820863473,True
174.57257575588878,173.17053794280497,173.28393492551945,1.4547912320436927,1.3250845433847531,True
175.78624451874012,174.5095866377008,174.61201061241684,1.391776381224616,1.2635573554144095,True
177.0781650895974,175.77759739487874,175.87051204685952,1.3223908469306112,1.2047445431543296,True
178.1838333123143,176.98300466844137,177.066772106646,1.258763308847386,1.1472977989524258,True
179.3406048662009,178.13253393532239,178.20799462388595,1.2022745461536988,1.0904253127556345,True
180.32135465393816,179.22512897671635,179.29274096923817,1.135992776103076,1.0336766956413501,True
181.27148420527925,180.26381944333173,180.32399479944544,1.0777230375845201,0.97872145839335,True
182.19116529241927,181.2545145047065,181.30796107198236,1.0238173867494376,0.9250007330374783,True
183.23492313105118,182.18951421264882,182.23706827058197,0.9810077158777235,0.8751323925313127,True
184.07114267619627,183.07177722081298,183.1142842919816,1.0143758691741005,0.8291702035740419,True
184.7727708031436,183.911818628949,183.94963243669645,1.241860253121155,0.7845196035293642,True
185.54997095644458,184.70444656940407,184.73828412382917,1.717925456071785,0.9374553433745383,True
186.20706838826018,186.07611016121658,186.13745875231692,4.556517651941221,0.9283389910896986,True
186.8305307546469,186.96128817230354,187.02188885902277,5.48773523955937,0.7848854870485695,True
187.51343849821518,187.3953186797017,187.44794202713626,5.870120958629486,0.5233118728545672,True
188.1069545000449,187.38641519071996,187.4393350960194,5.994550632525671,0.16393873001325757,True
188.68878388651504,186.9477996031471,187.02074406157675,6.0115362604498825,-0.27133397876178744,True
189.2269070489164,186.08971226785312,186.2097650433538,6.00628687166926,-0.7598428186188668,True
189.760212136879,184.83717526133736,185.0353110751484,6.02430939817618,-1.287629129178505,True
200.13045078131447,183.20675871163695,183.51589933240834,6.084016423922707,-1.8372153570256355,True
193.50345304359215,181.21062608935455,181.66197547845573,6.17678585485775,-2.392224606713859,True
187.26584277230862,178.85804740809863,179.48117951244993,6.268186548438784,-2.9365189603422177,True
181.12902838157123,176.16551513548887,176.98416599423126,6.352432670241543,-3.4545239902034397,True
175.1733158912536,173.13856541643844,174.16890166255126,6.430239714886388,-3.928287681810833,True
169.50552576634757,169.79448976410345,171.0428133675283,6.49868384173246,-4.343905229797105,True
164.03055057194436,166.1442864012501,167.6046624983075,6.548515903278374,-4.688420438242573,True
158.6861060079368,162.19444929102195,163.8478299609059,6.562915499107287,-4.946057118798606,True
153.61184899992642,157.96084358401512,159.76904025901047,6.502307416309189,-5.104129878693652,True
148.56580948816497,152.8339256774645,154.5788020308733,5.00486545558288,-4.9345371342919995,True
143.75001439289105,147.87662427087116,149.56367725208412,4.0338023067561295,-4.774531086039229,True
139.0822429934081,143.07314059504196,144.70456800790546,3.5377921262837178,-4.6175768968924,True
134.601744062685,138.43289520021023,140.01055588742867,3.403256247147476,-4.466165274626248,True
130.28553008086192,133.95073512915832,135.4772387463821,3.447122799052533,-4.320648196491033,True
126.02951328526623,129.61598510325905,131.09231471953368,3.520256610992978,-4.1789988602304655,True
122.02252082476974,125.42348572935373,126.8504309546482,3.5478389727772073,-4.040716643314873,True
118.09976427650446,121.37240497569881,122.75142140887702,3.500140608121747,-3.906040199027853,True
114.18663053809847,117.4546145758346,118.78492627072426,3.3834792149172754,-3.7755998776659077,True
110.4101039590414,113.66611626664942,114.95137921775145,3.2675623480890734,-3.6519309098170507,True
106.88510206426353,109.99883664243282,111.24144741961345,3.1575236587239486,-3.533203969876044,True
103.45875475442308,106.45011725715518,107.65234074882228,3.0529525855295883,-3.417661707495875,True
100.149525351959,103.01942368463055,104.18150664347591,2.951798888817207,-3.303577709739444,True
96.95056058945939,99.70503975408631,100.8261674634344,2.8526004320029434,-3.1929094168433845,True
93.86881394945833,96.5012346965703,97.58379953040527,2.7537601628110124,-3.089609116196824,True
90.92720260209894,93.38990661007523,94.43611352509836,2.6699453082393867,-2.9895370658615086,True
87.94983654120213,90.37498177794882,91.38649824590178,2.593880674497118,-2.8921050525650456,True
85.07354040542552,87.46451936666222,88.44406669021495,2.5126131793621074,-2.7994381973987132,True
82.30273282896592,84.65566398226645,85.60569840750249,2.4259206506913387,-2.7113070395639,True
79.71064690229078,81.93758966919165,82.85830765008492,2.3440757877779146,-2.6245216461549705,True
77.25538719215406,79.30992576816365,80.20139249188483,2.2647854006602937,-2.5399282440936206,True
74.76863236500994,76.76779045160578,77.63037613236823,2.1894263660413595,-2.4557685846348636,True
72.24127144084882,74.31326780124265,75.14609442710136,2.113735434207186,-2.3744067008939242,True
69.86096696248188,71.93555637213987,72.73930017782898,2.044178146899097,-2.2955300121068354,True
67.61923195751268,69.62916932969388,70.40376329159281,1.985423726144014,-2.2163805027359893,True
65.46841780870912,67.40528961056887,68.15159885235357,1.924065492992032,-2.1423232206778144,True
63.39591305506695,65.25304733928618,65.97391177718957,1.8658743138938965,-2.070635802714696,True
61.41613233797499,63.17716482430492,63.873343724990804,1.8048755299163688,-2.0017051292821644,True
59.47536028703304,61.168190715705684,61.8393597840597,1.749342158519837,-1.93402806952999,True
57.678198183649265,59.21955805222615,59.864650544310955,1.7035445847311996,-1.8643060478809779,True
55.825431083814,57.342740530437894,57.96103286129693,1.6539393980949293,-1.7979679191242928,True
54.02500992296295,55.533916894288396,56.129202550188026,1.597048893794927,-1.7343064857520714,True
52.367761035201895,53.79718742474023,54.36991674388182,1.5308189965508352,-1.6754605872958463,True
50.637664064902495,52.11689472166231,52.66898308998407,1.4671083308099568,-1.621238166391782,True
49.08861258926583,50.48636241811295,51.0202235297042,1.409559553266188,-1.5691523279338586,True
47.56706116470308,48.909160651475695,49.42558005211324,1.3553251861771198,-1.520339342201163,True
46.07726457648138,47.37764428786801,47.87793874123672,1.3095125561292071,-1.4734434153883942,True
44.73955201639796,45.8936123015042,46.37896030487847,1.268812441939996,-1.4273728170583295,True
43.30009326245687,44.45506646695166,44.92408175319847,1.2363926889700678,-1.380313363777179,True
42.073295449711146,43.06797495343784,43.521115838735504,1.2013445434886505,-1.3361969310729238,True
40.73454870826606,41.72644038893881,42.16550874037272,1.166359191626536,-1.2931238233560203,True
39.379900951919275,40.42999278351849,40.85386680403004,1.1314392404373124,-1.2494092794500806,True
38.160684788870874,39.185242921401965,39.59503021370072,1.086521222055906,-1.207756807717825,True
36.91187052025203,37.98327324933827,38.378067538020765,1.0422559223045411,-1.1669765057142083,True
35.7308485052121,36.82019000851902,37.20042159227092,0.9992903742331336,-1.1265152377013947,True
34.66146483080872,35.698913692550704,36.06462040452238,0.9551397586017429,-1.0908112967902126,True
33.6319668675928,34.59903317871898,34.95134212468536,0.926644593527176,-1.05490829901459,True
32.56045689097859,33.535875301540216,33.87641540359029,0.8978998500542589,-1.0222706567163464,True
31.624599348476746,32.4960554045479,32.823982509838984,0.8825701548886226,-0.9878004603835816,True
30.721666271038043,31.4924458210535,31.808275275746308,0.8658377621896725,-0.9554589291819678,True
29.857097836246524,30.524937075628753,30.83087331956951,0.8451231659776927,-0.9259204742393113,True
28.957729311595134,29.58842142641268,29.88477166798853,0.8249174539181976,-0.8948608396289449,True
28.136843520988464,28.69394198321463,28.980463323693865,0.7932392807223414,-0.8668269338926057,True
27.141463795090324,27.829872866559526,28.108099474336708,0.7588678599586354,-0.8404995261935929,True
26.289567227596724,26.99300600341877,27.262735220728153,0.7258288748142365,-0.8151470896128665,True
25.43617709783409,26.179603164297088,26.441067374519847,0.6982542790902975,-0.7900683662547632,True
24.676795372355627,25.394965505627468,25.649253842364256,0.6681870911412146,-0.7668986247610973,True
23.89976102512324,24.631623729876,24.878233813668647,0.6458001694130189,-0.7428958525818206,True
23.17643440141371,23.890443931212275,24.12831367393828,0.6293170579097505,-0.7171363504998584,True
22.60019942908319,23.17268507879477,23.39995667757984,0.6167908307104283,-0.68904463659978,True
21.905742638730494,22.482886354960517,22.69848275842495,0.6029993006011687,-0.6618685971546414,True
21.27159502055666,21.811459973025485,22.014779027451304,0.5936189276983364,-0.6340952109405013,True
20.617521441645838,21.17152593095632,21.36504742823103,0.5747497688027683,-0.6121285238949263,True
20.006254352264676,20.548546048365687,20.734492314661342,0.5582445553255974,-0.5919697961959399,True
19.41113093645329,19.948511228612496,20.12845389554776,0.5387545329042903,-0.5729800770843604,True
18.862789492418397,19.37054408247036,19.54417147343215,0.5181044052226775,-0.5541105340398463,True
18.372956197566502,18.815973986391114,18.98386738550439,0.49343022297332095,-0.5372129511782955,True
17.92094973024704,18.279569565902634,18.442532700780863,0.46440636772025295,-0.5208499513225754,True
17.394021410027946,17.755633209274517,17.911924213111053,0.4960858489775238,-0.5029216783220063,True
16.902519121983676,17.250612351384788,17.400921016039533,0.6080682790376221,-0.48540809200466783,True
16.32188910614663,16.764179847988956,16.908090579898783,0.8027219248049349,-0.4688144125378884,True
15.835619981782976,16.29452490340028,16.43309153961066,1.043627361097463,-0.4546626878610825,True
15.429321034081498,15.837463151613228,15.971875198187684,1.3110850231536892,-0.44140952365968067,True
15.026639487855258,15.395803925911979,15.526609197570352,1.606112914259558,-0.6262446816865381,True
14.59396367359808,14.338997323635883,14.801229521294571,2.1580650564346455,-0.7798021470408423,True
14.217217723033302,13.31467346264947,14.07922265030881,2.4836448609535284,-0.9070391517218038,True
13.825408912494867,12.305070572571744,13.35466933646173,2.7107321074000197,-1.004889960617644,True
13.488674966223346,11.324119244520531,12.634004290393523,2.860054998768433,-1.0731866434790047,True
13.103042328227017,10.378404690214284,11.914619759988538,2.946575492579426,-1.1127987058924895,True
12.693266323671827,9.472916313289943,11.203488273163096,2.989996737112276,-1.1291658712491177,True
12.344583325233293,8.595016194881332,10.490247950318931,3.0093453112374102,-1.1208580900007648,True
1.9538838560008949,7.7418154584790955,9.765444683566537,3.01406979876606,-1.0847930813666666,True
1.9837744217838638,6.921002073189122,9.026379674499628,3.0126654799968895,-1.024691609634981,True
1.7673034890033972,6.126413075891678,8.269526642936661,3.0120144560849336,-0.938923541010039,True
1.6988001612085624,5.364901591830678,7.484004116044898,3.0036602654607316,-0.8307788698427828,True
1.7710862530837372,4.6275612654346325,6.657400895218696,2.9795937496747635,-0.7010036210413538,True
1.8340750753571844,3.912534786748629,5.76295696641359,2.9301328415937395,-0.5480304550061345,True
1.7892180872452108,3.227221270926322,4.7714529049738195,2.850191455160112,-0.37599548290504486,True
1.778109251645693,2.5667161126206577,3.6026518129971588,2.7343886678812392,-0.1876405871843961,True
1.8936253232156868,1.9230712537512378,1.9278236877196855,2.568738683241551,0.018853195491159495,True
1.8805397168389733,1.9279998939213399,1.9329130388501055,2.122438273998344,0.02127629760686457,True
2.0330339780573063,1.9306198762937696,1.9356284645330988,1.7266359494006778,0.022501595427365753,True
2.0279636901581295,1.9414106282091348,1.945934650742191,1.339377663037624,0.018934820917689856,True
2.0482513072472863,1.9560863848474372,1.9595841563381893,0.9768509312556659,0.012771414901651314,True
2.1380260750701097,1.9640834253839754,1.9670587701968574,0.6670268111933919,0.00909619792449697,True
2.1251837907811986,1.9725565164147352,1.9752340286395735,0.418278026077635,0.006453778454904214,True
2.0462655833225707,1.9842475462446005,1.9863463833912958,0.21381767102746518,0.002210418251997311,True
2.0327420987225278,1.9957948201977285,1.9971905308904172,0.08279184388532339,-0.002719297726938701,True
2.025694139742743,2.0000722921107497,2.0013152233472606,0.08246395288360327,-0.005177666298527299,True
1.9399555196492377,2.0063599637992384,2.007372315470896,0.08186544730133172,-0.007358063641694795,True
1.9336122674214025,2.005606586811779,2.0066114252942864,0.07968704459078753,-0.0077566709939919,True
1.899038901668346,2.0012244949643403,2.002254531641227,0.07673724259926293,-0.009184276292395549,True
1.96964453184934,1.9920636276083823,1.9931980424068563,0.0740290058851438,-0.008266028839967339,True
1.9762745645230544,1.9823561584192078,1.983138056486405,0.06045711569561479,-0.005641045923570665,True
1.962865634895742,1.9720671946519166,1.9725107040132341,0.04694518692425532,-0.004415257867680177,True
1.9620648738240263,1.9617672075300712,1.9622290627982124,0.04801681181048302,-0.003462201950180179,True
1.9811424638547923,1.9550879940805428,1.955480106888434,0.047653067225691244,-0.0017492258732397022,True
2.02097994625796,1.951281839681779,1.9515926901114007,0.04728447617129125,-0.0017224834437900639,True
1.9578502205991033,1.947424207423873,1.9478154068954907,0.04811285459454684,-0.0025974951943069906,True
1.9016774295519614,1.9459651467051697,1.9463751965284455,0.045618083961721394,-0.002410354780765974,True
1.9827065680433191,1.9502666020433685,1.9506434087222675,0.038036008033086974,-0.002534830394460442,True
1.9605603705045374,1.9518604466852831,1.9522625254331543,0.03850657334591996,-0.0005796016355106984,True
1.8814657893730442,1.9554553506668213,1.955951118041055,0.0412133781542097,-0.0003868214139913899,True
1.925874683530074,1.9543054939925917,1.9548022668776992,0.04281362421019824,0.00014091966644357194,True
1.9647956693625241,1.9549676986405669,1.9554686128363898,0.04388083386987903,0.0003513788220818304,True
1.878233403522743,1.9535590409243084,1.9540490632570686,0.046666692878863054,0.0005449145440065172,True
1.910267295922148,1.9482381655214347,1.9486543983182816,0.05079413852024912,0.002941110634603691,True
1.9678621870795283,1.9507289258218263,1.95118074444228,0.053133454278694196,0.005748872736377573,True
1.9951460461199748,1.9622993051145172,1.9629708440571625,0.05203010912164284,0.008857186385371871,True
2.033793028227662,1.9747204681602963,1.9761017540572785,0.056231837103917826,0.014080372743656238,True
1.944467928108068,1.9917552495381234,1.9940954133122246,0.06529050112492234,0.017386552394593132,True
1.9726601481916295,2.0111364683754016,2.013791653594813,0.06637625557690968,0.018233347680042065,True
1.9586039403946582,2.02726890733825,2.0301869433731117,0.0685367247886284,0.01967924752427603,True
1.935845939811981,2.0421194294532397,2.0453713883387223,0.07176345110560024,0.02085318687988418,True
1.9977023854053673,2.0609369727755666,2.0639518386101297,0.07063652389067854,0.019218329848987647,True
2.086803498235016,2.0765616938712244,2.0793023084883755,0.070339355217043,0.0180966142514786,True
2.181445176775785,2.090173344450463,2.0928531309067515,0.07115827251027047,0.01695465045368034,True
2.233116872549772,2.1001169883263193,2.1026873966256967,0.07079728408309642,0.014646072986985125,True
2.191565290769495,2.1034643290452912,2.1059651372711437,0.07018529293481891,0.01221948267244507,True
2.1839937069356514,2.1100213037773727,2.112173457892973,0.0717601451223937,0.008384826563925833,True
2.2024040232023583,2.1167304956349082,2.1186002074769847,0.07164543667226121,0.0046080596937136745,True
2.1793140966799722,2.1235793576538273,2.1250990014518707,0.0703346629307438,0.0004867988406128954,True
2.160262833452669,2.132487140878382,2.1334956141457866,0.0653653691232225,-0.003872195016613,True
2.1856485963473395,2.1393069702421883,2.140045718090246,0.06362799756955712,-0.008040927093290302,True
2.1542443481336826,2.138150890300529,2.138923102057835,0.06357771700556802,-0.009728438980644433,True
2.0873504797312106,2.1332752652589786,2.1340338719355256,0.060888976401617695,-0.009227554624572441,True
2.0493795238213774,2.125621114218483,2.1262296948710393,0.054718791436723924,-0.009191500773304193,True
2.0800072179121956,2.1148960399392567,2.1155811848713246,0.05009198707716458,-0.007911481453328751,True
2.0681857326973634,2.1098656691575144,2.1104776775893717,0.0523837095138557,-0.007476201212959845,True
2.078370471404859,2.100836475434754,2.101344470539991,0.05008716834900037,-0.008443422059348064,True
2.106819655226262,2.08650063592359,2.0872115969187193,0.04921996679852815,-0.010383426626333115,True
2.068306219168466,2.0699058927234835,2.0710288275179245,0.05378106615672672,-0.012937872914993412,True
2.103435176110984,2.0488823674063137,2.0504468159596256,0.06184931406146532,-0.01366540971428945,True
2.1106504559018404,2.0314303307542825,2.033227340896661,0.06694001528187211,-0.014278887091968945,True
2.0199641023018757,2.018303986215659,2.0203889901118615,0.06964486068905083,-0.015724726086327707,True
2.103507774427769,2.0074377474760605,2.009806652224783,0.06980450348990597,-0.016393786964997388,True
2.057936923638189,1.9981481630014601,2.0005146127647286,0.06928809827533437,-0.015496312456141853,True
1.9499406645013493,1.9915153239605226,1.9938221441747528,0.06922589515853672,-0.014087112086514713,True
1.8947469422509688,1.9857868028773853,1.9879737975472371,0.07168014334648345,-0.011732335869783896,True
1.8492721912726242,1.9799416195134432,1.9819074105598886,0.07618848821253335,-0.007904753331112898,True
1.8750117617011826,1.9786893741449667,1.9806064778649293,0.08309541121033333,-0.007405145102606948,True
1.877328967113231,1.9668842099364845,1.9685956962465838,0.08202379528267476,-0.005931221032780888,True
1.8755197039878106,1.954062517150314,1.9554731204304217,0.07991220311508355,-0.006100031163045864,True
1.9313738663185878,1.9396188396161518,1.9413556144119501,0.08870647807474515,-0.006817178395017838,True
1.962060308042362,1.922068295470657,1.9235265932902188,0.09111961533371865,-0.004691935002118509,True
1.9867141340746648,1.9090107520902335,1.9102197111357688,0.0936010312830499,-0.0012740692949851765,True
2.0132967214031865,1.9080391937842793,1.9092316479471165,0.09322425649755718,0.001654493692489936,True
2.048270293272843,1.915585912107871,1.9169441764896187,0.09144978320699787,0.0033978641051280165,True
1.91455254877527,1.9265899484664142,1.9280330167545257,0.08682758979000846,0.003154861884616226,True
1.9055033713231118,1.933871375385972,1.9353204237995296,0.08312438884858728,0.003726745830380369,True
1.7888652617552765,1.9429068818354407,1.9444013538322322,0.08102278912274688,0.0033042488688492812,True
1.8226990680998527,1.949870491056175,1.951305528882497,0.07861570172653809,0.002609974291996154,True
1.849016229551414,1.9534604540803278,1.9549083338948234,0.07865878423517597,0.004063159011110811,True
1.934395731606083,1.9589354012349876,1.9605179284246677,0.07839401961210839,0.005101076029785367,True
2.0154944354284376,1.960312284254072,1.961920443467086,0.0761472901537201,0.007490544793394931,True
2.025336773009314,1.9629670730024706,1.9646715623516322,0.07167392369516581,0.010930034944193175,True
1.991514592414103,1.965453393566197,1.9672871091055322,0.06521266436087987,0.013575519376765644,True
2.021897070304732,1.9718911217627895,1.9737103174013024,0.06518620882967907,0.014440749237067054,True
1.9869374515195632,1.9823819371567,1.984256510771847,0.06599168721873286,0.015323228309887298,True
1.9888132747050278,2.0020945417785025,2.0035013542020357,0.05756858859329038,0.012958887658693736,True
2.0496594625169196,2.019097253059191,2.0200556436288246,0.05199819566576934,0.009415676595988772,True
2.0087442623800165,2.030708218326013,2.0311867373596466,0.04541605071843598,0.004819997273093476,True
2.055773341377564,2.033434770202692,2.0338109469693606,0.04537901352597025,0.0012236034294566824,True
2.0880514222924673,2.029282475661779,2.029759833016887,0.045515576966899424,0.00016839198357728415,True
2.017556199920748,2.0270273481084016,2.0275284372382765,0.0428747282215677,-0.0016980572501401323,True
2.07335641762568,2.0234032493505136,2.024017494528501,0.04561386720492277,-0.0033753417780817002,True
2.104266935704118,2.020144082166587,2.02080117075568,0.04472436133298224,-0.0057010003997195165,True
2.09474244859086,2.014696897966921,2.015555926337824,0.05194099518029631,-0.008443850023335857,True
2.034791673820572,2.0093067566484724,2.0103458859005126,0.057719873601171076,-0.01052298750861236,True
1.9780205616329518,2.0014383044188406,2.0025548398157045,0.06064643229308718,-0.00799964917137397,True
1.9490577227738277,2.006011000615085,2.0072197671836975,0.06326280799269692,-0.00831916656136297,True
1.9892547321552712,2.0017115637765315,2.002885323980324,0.06347002646589528,-0.005777870738215656,True
1.9335290122878965,2.0010368419555036,2.002183607287863,0.06302684633634284,-0.0026281496518762316,True
1.9697503953619042,2.0046057067743224,2.0058274493867945,0.06368639903822207,-0.0007364941043932371,True
1.899782504324915,2.0055290335820626,2.006785032921221,0.06330243113599379,0.0020931024609390798,True
1.9025710136098468,2.0041380422487047,2.0053336609964902,0.06013957649592225,0.005865335274924455,True
1.9237642268428103,2.004241203105935,2.005441460889231,0.05746335103104407,0.008982453021548644,True
2.0819074015199237,2.006611283660827,2.007867169391859,0.057126538651318594,0.012327906662340496,True
1.9869823519607133,2.0173005628826095,2.0188229167377747,0.05949143347302731,0.013165609447016774,True
2.0772558731560142,2.026690918093668,2.028216339094245,0.05798555551608262,0.01410713603810303,True
2.074658037021849,2.036883870431395,2.0385967271511842,0.06039052075686424,0.014230972081333719,True
2.0881296465495294,2.046715097595419,2.0482775667102344,0.05807247802432767,0.012538581026204794,True
2.082011074370392,2.0532050253285106,2.0546732032895996,0.05741676076017814,0.009824334845717216,True
2.0963930223065472,2.059358187563844,2.060501660937494,0.053181885043914905,0.006037387541693438,True
2.0727129626988443,2.067059971606826,2.067830398391466,0.046954522237957715,0.0036273532743348875,True
2.149049029181465,2.0786145313021827,2.0790659391432396,0.04667263970348165,0.000769223825755222,True
2.099303406150762,2.0789765833249367,2.0794289586768886,0.045495115905130445,0.0005081707227984787,True
2.1523419695589023,2.0837109398823395,2.0840339695290835,0.045835066031232996,-0.0032956390270202822,True
2.0908286469122856,2.078035274720289,2.078493054924116,0.04508417938346395,-0.0053366937234707885,True
2.073589239091366,2.0717892028292733,2.072399736415695,0.04587685928301274,-0.008983267654240158,True
1.9982331000902478,2.0589651685553934,2.0600765686899734,0.05779733622678357,-0.01259248405271164,True
2.0257995582975616,2.0441976422971946,2.045950253489265,0.07396857087759372,-0.01502201329494941,True
2.1086371819685197,2.030827967082403,2.0329083165595008,0.07365758776936676,-0.014747810039152867,True
2.0877002338839903,2.0249863617827173,2.027078259742619,0.08875364846050815,-0.011342847744535697,True
2.0627320568791574,2.02510284982713,2.027201806744979,0.15261764623318402,-0.007579629379217849,True
1.986445230563208,2.0247139373867076,2.0267996188312605,0.20946664377007013,-0.0033617425789339746,True
1.9747208867655883,2.0255198577540967,2.027657840829776,0.2848723862484158,0.0016652886758966596,True
1.8829450981674585,2.0295353385686825,2.031857689281843,0.36134776547827224,0.004694661223425061,True
1.84573065423921,2.0326072630097864,2.035027389481245,0.4366302300990708,0.006597875258264893,True
1.8824782188698768,1.907717694254146,1.9727589831997552,0.4363661694352738,0.007029586730191965,True
1.979247277903879,1.7811052218605485,1.9066427340079788,0.43634192811851746,0.008351821616053925,True
2.150912837892067,1.6493153979875157,1.832318092559712,0.43590811659581524,0.013250867673338185,True
2.0930808071040032,1.5188341333697666,1.756412202662492,0.43562606872694143,0.019490812957296128,True
2.165236695437129,1.389913379814819,1.6790041258159252,0.43552448200764743,0.027390050247365117,True
2.1550763399456585,1.2657605529046185,1.603880314621447,0.435419388128168,0.034170269779263726,True
2.122740030149027,1.1423404974817692,1.5260117635001786,0.43523414398696364,0.04277612112300421,True
