ppm,mean,rms,std,slope,label
2.0,0.9927115878058559,1.404451590847127,0.43348684645990276,0.011462543909851946,False
1.8989321531274594,1.118818848289871,1.4922911677623631,0.4334990822302613,0.009991562031415229,False
2.0073840400199687,1.245028598558199,1.5753714947231519,0.43349991490571543,0.006891334112551915,False
1.9445249234207092,1.3687032444738807,1.6512183486941288,0.4336732549166224,0.003635831985985865,False
1.930596092006412,1.4904248714898616,1.7215053025764535,0.43421239171191284,0.002622453895018351,False
1.9803262366802008,1.6141828048941973,1.7912668489331898,0.43447479974926934,0.002313359009399773,False
2.0722146891398783,1.738821891479762,1.8593534775736382,0.4346895482171389,0.005273676123216967,False
2.0494072704990662,1.8715086349770866,1.9336203621610886,0.43501107178017434,0.007312029526168031,False
2.0177161677442443,2.004688050012196,2.005660941034022,0.43540428386978247,0.009536901612020667,False
2.0193560042932486,2.0159573485973903,2.01737080334278,0.3563154470759355,0.010655934023010375,False
1.9787943346509083,2.027835673411628,2.0290773118874172,0.2982060691580736,0.00968353777473564,False
1.9475460322556948,2.0340708574749913,2.0353892983633126,0.22935879171959614,0.009427427609101119,False
1.980126934469373,2.0405190532913626,2.0417032640696204,0.17948590377203474,0.008010871935493902,False
1.9942253853690362,2.0488736002789647,2.0498603623973826,0.14327876940335268,0.006614563789851109,False
2.1229878959571957,2.0560994225566853,2.057032298318544,0.11144220797946723,0.005686485483225323,False
2.130870640561742,2.056869792910147,2.0578105154212856,0.07764050619712409,0.009113429977030152,False
2.1803087773631105,2.067300530120484,2.0685933817909925,0.06422295643977409,0.012727924141528082,False
2.088985350155256,2.083039081644675,2.084839003613766,0.0678924292203229,0.015696076450081822,False
2.107146985033784,2.100562941581431,2.102912472079124,0.07447727332669518,0.01802675079246872,False
2.047696056482653,2.1206779375614584,2.1232808468057085,0.0791228841051722,0.019963598603712628,False
2.0642688438080485,2.146540109223318,2.1493623995948625,0.08836554140804272,0.01752021268174276,False
2.0959393931237313,2.1615897698296367,2.164020119588638,0.0876247723091478,0.016087813866731717,False
2.08454061479526,2.1788256998455937,2.180935802098996,0.08942952254378732,0.01229564823415466,False
2.216299065864459,2.181765554289564,2.18382733007545,0.0878629943460868,0.009748945728971795,False
2.269532992131297,2.180502475808055,2.1826003802241334,0.08737464176403527,0.007741326370507075,False
2.2997377632813483,2.177217284958652,2.179355785210086,0.08362766029993508,0.007907037793707342,False
2.3006342703313467,2.1830667677700366,2.1850807924452536,0.08362664737350882,0.004158561922747746,False
2.3613407788454475,2.1817435759532926,2.183810835123769,0.08613503392047363,-3.77779000457068e-05,False
2.2209215041704775,2.181407999667523,2.1834965648960907,0.0887035638831081,-0.005396409429036512,False
2.2700002656243403,2.180005555359136,2.1821775075212564,0.08930604677123069,-0.010717369282942025,False
2.170025567060718,2.175532675436468,2.1779506446077375,0.09089061226410936,-0.014308873535259907,False
2.1106613848576066,2.174746339566827,2.177200175780486,0.08810535456968732,-0.014262423586837804,False
2.1277457237726654,2.177935211182043,2.180481207031458,0.09784528616289306,-0.01205044817578574,False
2.182577075137409,2.176863280577792,2.1793694306008895,0.10389045936430372,-0.010359871082064894,False
2.08597591596588,2.168780482922961,2.171064207001938,0.10147937929452037,-0.009786589743231015,False
2.0423268359103344,2.154182125455071,2.156329896053655,0.09717105934149095,-0.009203133805497572,False
2.0418297348738625,2.1339412163649305,2.135584782432341,0.08670171965167804,-0.007852022994780331,False
2.0243733143610405,2.118599141431213,2.1204578144568593,0.08984253674210912,-0.00803031185217394,False
2.0719592408809957,2.1021731277649955,2.103826099020459,0.08898079727959575,-0.006091454045084892,False
2.2673210117079172,2.0936232634529004,2.0952677655830607,0.09016231183309023,-0.0064202280599763625,False
2.2523821024632826,2.0867352697171513,2.0884993837730277,0.0920251563175215,-0.005308980833052741,False
2.1704130008040514,2.0862188346782222,2.0879741996517422,0.09137717571865978,-0.005059146246010456,False
2.067060550845104,2.078397361827318,2.080017579429526,0.09167692398725483,-0.003736891922414727,False
2.037486233403202,2.075627155768238,2.0772671347611062,0.09005245534975528,-0.0035706940684871137,False
1.9754483052309941,2.0775913839063986,2.0792122719699178,0.08578581988236596,-0.0035048376973793997,False
2.0071840469648703,2.082240438403592,2.0838557163720886,0.08265024576108788,-0.002469820733381667,False
2.0332277380671937,2.0916819191996026,2.093348292844161,0.08044272430483164,-0.002159218366047271,False
2.0004534850856173,2.0981114194428043,2.0998599514286416,0.08115729265733053,-0.0004455375405755308,False
2.1194827631498017,2.094632688717539,2.0961466175242376,0.07183133320980925,0.003830173558233834,False
2.0574335095229377,2.087609159298986,2.088774898759857,0.058886642882372886,0.008756712548190864,False
2.0416526190206064,2.0878389532876387,2.0890138626382173,0.05721463193741457,0.012619361414215966,False
2.0737544861209045,2.096288918730976,2.0976306942353786,0.06169065382762648,0.015309104789041343,False
2.1162146068289585,2.110364416564085,2.1120089274794522,0.07243473518123786,0.01413148340991037,False
2.175437007097207,2.119597891823979,2.1209493932920713,0.06804371351361113,0.009945755128103945,False
2.17483124477222,2.1222910973914764,2.123523934667613,0.06602523095087108,0.0070972128924580115,False
2.211661320103667,2.1259720196247858,2.127096376400207,0.06465721467662196,0.0012247805347102873,False
2.1400056317664404,2.1208950674905123,2.122413481958977,0.06820488635921242,-0.004274775664729971,False
2.174089704622497,2.1109811000263967,2.1128621843617865,0.0699392391680813,-0.005689692924372149,False
2.2022599979385067,2.1092864217225404,2.1112222017586135,0.06974835552496024,-0.009022065289335135,False
2.2626941987329428,2.1061324044905674,2.108207659437156,0.06879216873066578,-0.013020369174718853,False
2.123183909389289,2.0994414173458837,2.1017861249511776,0.06856194788616575,-0.01729257900550689,False
2.0502753360448316,2.0863808573691154,2.0892477763720105,0.0692942613454745,-0.020560836553988833,False
2.092122493800145,2.068532667734083,2.0718103128819205,0.06892251313627824,-0.02222351030874343,False
1.9192222509372394,2.0499077128657244,2.05351793956252,0.069147565451453,-0.023608755124046445,False
1.9608592837239545,2.027574923820419,2.031287978639833,0.06810126198179564,-0.02383548114624798,False
2.0303186566612434,2.0083199156103215,2.0123745390972325,0.07187588911399004,-0.024536614699254864,False
1.9911883433090305,1.9874940833370938,1.9914909678866037,0.07272524781644234,-0.023617787071369224,False
1.9666986918059612,1.9653377504080534,1.9688328301748867,0.07020693816204564,-0.018625095276725248,False
1.9072456472006727,1.947859537012522,1.9498961039403817,0.06322279761495839,-0.012175872083300688,False
1.8898659729366876,1.9377814963104885,1.93931039777512,0.06672121475306365,-0.007550089746573906,False
1.876831966878479,1.9339076617079836,1.9352726085356218,0.07226201949858678,-0.004846228576292988,False
1.8543366953787759,1.925364812536441,1.9263183485275481,0.07546684913312922,-0.0015493953768043985,False
1.8319255004048898,1.9258350233807797,1.926787688271825,0.07006330636749414,-0.003450890422071415,False
1.8408763882508528,1.9179982899302637,1.9190518395430716,0.06818037358812218,-0.005593409142990945,False
1.8477586710738576,1.901470176474541,1.902634001900259,0.07098909634703444,-0.00645719498422211,False
1.9830427844044423,1.885056443666792,1.8865208846731552,0.07712768173003318,-0.006430124558960549,False
1.9619352581567553,1.8734068464109752,1.874915988198241,0.07905490321276724,-0.004514148408822409,False
1.9882939824047536,1.871568355002998,1.873059298084644,0.07888456916157234,-0.0054344546332728135,False
1.9554369070554625,1.8652614470293518,1.8668554164703475,0.0791778336291023,-0.006473462489122798,False
1.9267456244466556,1.859688669129051,1.8613779047377499,0.07921112283193911,-0.008533098205554744,False
1.8354715485157,1.8523866225329775,1.8543192595906524,0.08182071639738235,-0.010286329930453484,False
1.7658688413696795,1.8479551369900058,1.8500210330623312,0.08142302143906523,-0.010336724675413257,False
1.7285686183850475,1.849238777823213,1.8513050085589156,0.07912225762226587,-0.010380090678299656,False
1.7803051357128945,1.8497157047091202,1.8517819433295066,0.07803695898367988,-0.009937790298206581,False
1.8778297846730356,1.8429149092919133,1.844685296242561,0.07414175025522042,-0.0044942173830317496,False
1.7889554453583492,1.8440695339604471,1.845918679248297,0.0739977462016538,0.001086529891314072,False
1.7876675204736678,1.8454775301073862,1.8474432359833386,0.07362643502324648,0.006202844469419712,False
1.7375039498415967,1.8459872934972577,1.8479838441428131,0.07147199774475917,0.010948950161782128,False
1.7610217317173442,1.8492275088599377,1.851404443574394,0.07100419410276756,0.014094800666777211,False
1.8614146415821715,1.8552697726419547,1.8575422911562018,0.07089755887982148,0.01590826199363454,False
1.8553895012483674,1.8678751278337207,1.870166968760029,0.06790901535235007,0.016564347105768866,False
1.8742300577291304,1.8850484488731931,1.8872238303852673,0.061469363262072994,0.014197339858178124,False
1.9804092528532997,1.8938300597495255,1.895815272354695,0.06095697323194192,0.012939364456826492,False
2.010821920755779,1.8979155881022873,1.8999280157990013,0.061532243034593,0.013462162801107846,False
1.9635931212934044,1.9076473794605082,1.9094662269108955,0.0609826366990474,0.012664237728442442,False
1.9785890702495372,1.9200209803594497,1.9216531259770362,0.059330349582938875,0.012376095521464703,False
1.9321477690279691,1.9387819327249356,1.9399940122566146,0.05606355599949596,0.010819514544507147,False
1.9675545244379338,1.9575102173540664,1.9583540482694362,0.05863172048109986,0.00845447216651403,False
2.003341755016609,1.968258148612252,1.9690128440454597,0.06286867459939666,0.008636285030546873,False
1.9208109097342108,1.9825696867659794,1.9832790164975485,0.07397467321105633,0.0068634292675978335,False
1.9431982383172255,1.9916386974312332,1.9921612468161296,0.07870708501316195,0.0034939280397882373,False
1.9446641070898865,1.9889382925350922,1.9895042836385424,0.07612646677984357,-0.001262193037716612,False
1.9856451348567303,1.9729434948168647,1.9743088035414138,0.07871069856068467,-0.004156391906494283,False
2.0376791876893687,1.96193523264667,1.9638234812140514,0.08129371771790744,-0.007886359412078575,False
2.0606742857834397,1.94890147833202,1.9513441105375704,0.08423546490788665,-0.00966688817319844,False
2.0333815417131387,1.9424176752426088,1.9450864098084826,0.0846900458750092,-0.013918169417161756,False
2.0843741117080077,1.9279375323411827,1.9312521826204798,0.08968991761706042,-0.016891891985505895,False
2.0193342283731917,1.9112699657313248,1.915045235239986,0.0937175406045227,-0.017182487989900436,False
1.9372027745150429,1.9039928951368066,1.9079543474466736,0.09298661154183575,-0.019442173012090818,False
1.7549051572641385,1.8932886892674605,1.8975042251171825,0.0937413098895456,-0.0196908481602161,False
1.7874609265702883,1.8861657268032994,1.890404859009151,0.09310733189189631,-0.019788818762313778,False
1.770049001215139,1.875979833737862,1.8801168664811616,0.09334676698990904,-0.018200834689127955,False
1.828406919597389,1.8640812420292434,1.8677830789485128,0.0914626240965212,-0.013976665153546685,False
1.7358722380151188,1.8544088455855137,1.8574841040468761,0.08756873820728221,-0.0075246461872618365,False
1.736660689258881,1.8508972725201998,1.8536892294573928,0.08840096975635048,-0.0012941862241270744,False
1.8043777802219179,1.8447592943788953,1.8469377007211216,0.08319555284814793,0.005259860785432915,False
1.7719309444076914,1.8397634597641543,1.8415758698699638,0.07952451562491264,0.010373894519920046,False
1.8306967076633094,1.8387513120828367,1.8405153096296807,0.07943275710392857,0.014898887108281815,False
1.8226708458097305,1.852261894232396,1.8541404366566636,0.07393949261116646,0.01420319014159382,False
1.8473017203514712,1.8601792166904758,1.8620267215691606,0.06977217249007714,0.013878403286800766,False
1.9059159426837617,1.8693219901905431,1.8710551223729979,0.06465470038403096,0.012645763003784146,False
1.9771963726681163,1.8741547030114623,1.8758713399095304,0.06403933559331088,0.012523539133148952,False
1.9861664614471353,1.885267004949464,1.8866499645755688,0.05679739874942577,0.009217656486696077,False
1.9394008745373403,1.8933545716779534,1.8943561827229456,0.050205829194591496,0.003825252136651999,False
1.9210084116139603,1.8915206999293819,1.892622826006359,0.059274363994438806,0.0011068481117263765,False
1.9710744716570836,1.8957765793017536,1.896679522317662,0.05916498951844853,-0.000809878683875637,False
1.9141380858995647,1.9014748567990538,1.9023081695533595,0.05924090266906564,-0.0036764419761814117,False
1.9163333772162177,1.9016865713126458,1.9025111986164855,0.062155424939076324,-0.0057630535612179425,False
1.9057303247320965,1.9033730329143475,1.9041599654811412,0.06273453980617283,-0.005788760041700703,False
1.9136690690231442,1.9066366186824002,1.9074684349434154,0.06304403110810401,-0.003968942672065168,False
1.86606175691471,1.9080723441739214,1.9089647020561797,0.061447233830077226,-0.0012984670435887782,False
1.7750358322447768,1.9073833511292266,1.9082497004648011,0.05795026982808857,0.0005380263647613659,False
1.840025014365639,1.906312134260466,1.907165499255137,0.056795961984087706,0.0018234672416045357,False
1.921869147620112,1.907422913453506,1.9082891854177388,0.05631694506920868,0.0031762796952313622,False
1.8260582780272059,1.9069076871266892,1.9077580463971722,0.0532168473543452,0.005753020301836723,False
1.8742851059786978,1.9106587238537895,1.9115768079100317,0.053260013600331675,0.00693035428003533,False
1.958133314972604,1.9138393499462847,1.9148049599214894,0.05315323332940821,0.006848696620584353,False
2.000167980532453,1.913930003528301,1.9148952160861636,0.05689074014932674,0.007325858971402542,False
1.9751425727320207,1.915979746852869,1.9169600863221294,0.058123210661132074,0.008589703341324386,False
1.9222614046371722,1.9232725425174877,1.9242672747389633,0.05736575022787651,0.008921085965319573,False
1.9387808787025957,1.9371692931236901,1.9378413041385638,0.04705085012461237,0.007060951266380048,False
1.9628308504280192,1.9474449724981309,1.9480075378674218,0.04440045164867178,0.008034687351425708,False
1.9741546735331703,1.958860992707371,1.9597700808830796,0.0467629775581709,0.009123532164243907,False
1.9672233946961408,1.972943845533693,1.9736525068480533,0.04221538682465959,0.009137905253818926,False
1.9071807820443543,1.9883361789480558,1.9891692344202954,0.04322512565645166,0.0082761278900248,False
1.9464649622162322,1.9946051346600129,1.9954883968881056,0.04200574851657099,0.009945367016285518,False
1.9827464875486087,2.0018576452384043,2.002954818148637,0.036635833553186746,0.013263635062936116,False
1.9973838419440177,2.014209920712874,2.0157044111711104,0.03764325209157008,0.014753866286017913,False
2.0044358843566905,2.027148524239982,2.028665953027877,0.03793393472918112,0.01627365729211831,False
2.1045254709679533,2.0440712808931893,2.045895075043379,0.04475271886829638,0.017389220184310602,False
2.0513839232483564,2.0592853146530374,2.061338224771775,0.0497100232232271,0.016741003648060842,False
2.120562440608502,2.0685681935277964,2.0705423694716814,0.049617531347334404,0.015149778471867647,False
2.058436606363917,2.075731058205323,2.077534240342856,0.05052120056823251,0.01423373654555338,False
2.116208149786715,2.090127295794581,2.0915011359386213,0.04642478719427777,0.01225731632044361,False
2.17277898032354,2.1042405092850798,2.1053516754879844,0.04627588326002876,0.008746266142363042,False
2.1292790610708963,2.1105033848927803,2.1113902160615288,0.04753035051471124,0.005293205391631044,False
2.209544985153912,2.1145515312681304,2.1152782910589956,0.05009688180600143,0.002025033131464739,False
2.2062553905855906,2.1183394407035725,2.1189188431721284,0.05237581632014031,-0.0020418924051977755,False
2.122680735529318,2.1133584609356166,2.1140597978574336,0.055502123478112585,-0.0012500912683787886,False
2.0818292295365675,2.12030779753766,2.120974548680322,0.05713448585614486,-0.001976062536491613,False
2.1375205834724813,2.1222855910717042,2.122965777442739,0.056894305098566,-0.0019435410935280588,False
2.1722763780642085,2.126487511619337,2.127102480962831,0.05687846810304547,-0.002262563041805315,False
2.0829524972718194,2.130366270852207,2.131014360507346,0.059321560395275544,-0.002554899338320936,False
2.062154183949617,2.1276685371316977,2.1282893343526625,0.057394668285741815,-0.0008282225270802299,False
2.065042435323765,2.1302522590218373,2.130897752230453,0.06028872529491789,-0.002519665293582107,False
2.0248297946806635,2.119965814692292,2.1206040371755144,0.056593052567270825,-0.002899827891746896,False
2.1625733088810475,2.1077622497634594,2.108434479090932,0.055432313231256886,-0.0016640687716108547,False
2.15220713715321,2.1046130052971437,2.105299255533651,0.0555101331188362,-0.0003088631122298359,False
2.125667335126045,2.1092274761819456,2.109938086662485,0.05806751001964322,-0.0013032124547451937,False
2.178268297512624,2.106002058862355,2.1067074763234905,0.05828418775979245,-0.0023786244551407035,False
2.1296152407954003,2.0964621303728457,2.097194752986542,0.05741900272513436,-0.0017886088269447316,False
2.1706186113131296,2.0944487667758245,2.095209585845101,0.056657020835329495,-0.0037532988703434496,False
2.044961875881181,2.090923245533129,2.0917843437255357,0.05426840810025312,-0.0063204168061365236,False
2.01099835172427,2.0861561740998438,2.0871600155647294,0.05189242641053046,-0.0075798621563164855,False
2.0722928240682643,2.0872941994333494,2.088268724901918,0.05117626357720563,-0.010439122255701563,False
2.1556607636934046,2.077379388823121,2.078354183804553,0.0514328610283267,-0.012532556091143794,False
2.0859139063590346,2.060705214198398,2.0620940831255994,0.05199941455816512,-0.015369047575377912,False
2.0196375222320606,2.0418848948497477,2.0439882099062205,0.05807376681485187,-0.017460110863902197,False
2.050738679719479,2.0214592654338785,2.0237534685829517,0.05796424128216818,-0.019474152617502113,False
2.005745844066494,1.998479194379262,2.0015369147601016,0.0691152129934249,-0.021190403297260157,False
1.9887692923911966,1.9740539288781578,1.9772859294746055,0.07371819775321845,-0.02213496856425386,False
2.0430382000167464,1.9543260877497406,1.958366994295389,0.08561130147692024,-0.022044282369231,False
2.0039363391173937,1.9454083967397529,1.9495144944083402,0.08417836831649288,-0.01933529971902514,False
1.8854203431576435,1.94201363004272,1.945949961749209,0.08858821139011461,-0.01658914655783542,False
1.8245422255476442,1.9292715977642478,1.932455434350889,0.08729346972913865,-0.011264772065298937,False
1.8514582268587145,1.9223035743014614,1.9251211560019297,0.08855684178740776,-0.008089394905542498,False
1.7619341039215342,1.9161160714989243,1.918778518402598,0.08843051151449925,-0.006101389044881778,False
1.7798143632954648,1.9075688364951744,1.9099276414170598,0.0881465159524877,-0.0007936508465086416,False
1.7293164178265057,1.9094030738277628,1.9118670074270727,0.09339678951298203,0.002907682069709116,False
1.8683152955644657,1.910219260698071,1.9127186221274972,0.09586586186821822,0.0059022421330333155,False
2.017976556915736,1.9065538602116796,1.9088557786225775,0.09444386628156248,0.009041688151837982,False
1.9517882472378516,1.9019441682271956,1.9040996069492226,0.09330520028638199,0.013149010555439874,False
1.974425530954449,1.9096944867748862,1.9120098348850538,0.09458884088549295,0.010761696661106917,False
1.9206374773914705,1.9089240740394802,1.9112770087394453,0.09563974206906758,0.007242275419749318,False
1.9139829196594793,1.9065713998121905,1.9090198032618335,0.0983649734191894,0.004836498653572301,False
2.0350936413879057,1.9113873906727596,1.9135565386515698,0.09377070523422065,0.0001823054540037479,False
2.0018282823161306,1.9141162944821675,1.9161241248061838,0.09326365039106327,-0.002693188557680705,False
1.9843917922344843,1.924894520310071,1.9263095052080002,0.08233249047057996,-0.005278446584021727,False
1.9301812673656498,1.932413843302932,1.9338226096689246,0.08249703586646275,-0.007060877326795513,False
2.0094254399206943,1.9253908349431945,1.9266848511242098,0.07817085817313502,-0.0028928136808829656,False
1.8122156217811485,1.931240091922841,1.93274285887255,0.08109630813624703,-0.0020598246807588295,False
1.8138154392220789,1.9299118947140728,1.9313928474781545,0.07951959539992907,0.0009228773133368995,False
1.8389899576906394,1.9372168061378923,1.938863660055435,0.08247877525740951,0.002630371003033437,False
1.8234768242459887,1.945147768225352,1.9469355784877451,0.08523843281395006,0.00318354518895418,False
1.9017680310729606,1.9432371969056816,1.9449524848225814,0.0804021517915558,0.005691448267938391,False
1.9886244634502448,1.9418281673516518,1.943509882563587,0.0776076071588988,0.007623848624940645,False
1.9056084231599373,1.9415774597491398,1.9432541432025319,0.07664432802275607,0.009527090673042174,False
2.0453763589121947,1.9456804100210974,1.947394384247958,0.07821229326463698,0.009136215912269405,False
1.9531743756141546,1.9414191287683749,1.943067155343676,0.07539534947490995,0.010363843045971441,False
2.037516060172582,1.9491570149967317,1.9505161893491374,0.06941043392554556,0.006702661744631482,False
2.0408783130588364,1.9545046851606003,1.9555997390944215,0.06330988306714115,0.0017296134082359197,False
2.004524500273182,1.9546658419263694,1.955751386663946,0.06096495232655829,-0.003251704871334095,False
1.9792838094516545,1.9542169462799972,1.955333631107346,0.05728114218972929,-0.009332199507751807,False
1.9803804705942876,1.946284684453981,1.947861827099814,0.06449501737701428,-0.013398602782689775,False
1.9958284717169714,1.9334590786641632,1.9354035778695455,0.06994250462636709,-0.014113164436783694,False
1.941244939877134,1.9294742428116232,1.931541870725966,0.07113133386774424,-0.015692067360729426,False
1.9360218014348605,1.918689221213491,1.9205718442711703,0.06715348508433529,-0.011410651391599656,False
1.8993781618439758,1.9222629663588817,1.9242559212232913,0.07144976642404403,-0.011708251091157668,False
1.841568465942947,1.9121790858747294,1.9139737897427318,0.06863174861224651,-0.009040285935114483,False
1.8162944939040313,1.9048059622169946,1.9063237339750472,0.06514647506229126,-0.005782958733327718,False
1.7748518418567,1.900451762116563,1.901819476735893,0.06397924638112908,-0.0019164900970785187,False
1.783414770813164,1.9013445818013757,1.9027517870751396,0.06530361612183429,0.0022818656647819696,False
1.8418510495192943,1.9049158960146064,1.906518700046099,0.06853101453985809,0.006057207760116266,False
1.872816013342078,1.9065512270508564,1.908241080951958,0.06864027371218405,0.010209752814216044,False
2.010354297940405,1.9120392795675252,1.9139418044744816,0.07049142069701625,0.012115986953220593,False
1.8761739724261495,1.9147911394995432,1.916754996417165,0.0704237742452858,0.01459253886483073,False
1.9229083345350784,1.922321543450316,1.9244384109803772,0.07134084912296851,0.013786410298436087,False
1.9348572986662778,1.92623303733954,1.9282413131685703,0.0723817292656782,0.012889184622510149,False
1.993568924408654,1.9355358251745325,1.9373415899730762,0.06985979001652637,0.011206844843591036,False
2.0375214980059804,1.9476686992909984,1.94902946369055,0.06404007739838932,0.0077543325801983165,False
2.021993768296973,1.9577307405709425,1.9586284362317805,0.06157533437304876,0.003965070115549387,False
2.0290537801438324,1.963789695265463,1.9644673858972002,0.06564594419415817,0.0010767379753521655,False
1.9800515603471482,1.9678901570479317,1.968440995259868,0.07139004186896389,0.000342106925497046,False
2.0198646250563432,1.9688366457523545,1.969411039002097,0.06744106779224492,0.005996303510989203,False
1.9041523681705297,1.9900559611897455,1.9913327810233248,0.07754737602202708,0.008988163628762218,False
1.9651390992639093,2.0109068662787886,2.013094922506946,0.09173180927158489,0.010659133205035204,False
1.9689778277201564,2.0264860880129225,2.0289706018521723,0.09651000032409147,0.012152822451076416,False
1.9444074312922677,2.039031344544111,2.041876466807413,0.1010592280370869,0.014526451075692183,False
1.938794324631624,2.0495330524521727,2.052758873044424,0.10495409435606391,0.015657083440584883,False
1.9384234018615774,2.055608870527855,2.0588783772918466,0.10467104703554482,0.014411081446265793,False
2.025498117211171,2.055397876209395,2.0586706019027483,0.10399934454471378,0.013161814041976326,False
2.215683019424406,2.05777148710371,2.060974171479924,0.1048429964459306,0.011755852801967885,False
2.256522815959768,2.060516659951429,2.063692047312371,0.10412531518605428,0.00893903105930654,False
2.1841248464124177,2.0638515610639447,2.0668098922951845,0.10536636080343026,0.002999414236925066,False
2.1942930289076714,2.0610697608609443,2.0641932314579052,0.10901982600888252,-0.0007281459259188459,False
2.20554882453497,2.0609395750129935,2.0640691126689807,0.10899398663341789,-0.0042288768961070205,False
2.119206857507891,2.0628118632338666,2.065845679508854,0.10661568869322835,-0.0065431992791898375,False
2.0256778710484666,2.07058633379678,2.0733624016641956,0.10501485162513748,-0.011118736820641118,False
2.0180293346561893,2.0724989917021768,2.075163912197319,0.1008493102834335,-0.012918200476328806,False
2.063787390619847,2.078080480320397,2.0807244652053503,0.108039633199768,-0.015376254303907233,False
1.957510785970784,2.064931672745317,2.067344523540976,0.10163228787705589,-0.01599239872952045,False
1.9206302960159023,2.0415713067703285,2.0438244270404367,0.09004702663235489,-0.014616146730398166,False
1.9668948541529412,2.0236140444655604,2.025817340070942,0.08535218869273244,-0.01498640998741296,False
1.9743640428262348,2.001734468684515,2.00388995393715,0.08189255556458244,-0.013886692425741348,False
2.0631858536382395,1.9804665111577426,1.9821698025954129,0.07561596812395653,-0.011422683249803616,False
1.9690259283479228,1.9655816241730832,1.9670927214922114,0.07542052457513584,-0.009948398498320908,False
2.114801935102702,1.9569233143052975,1.9584624946177018,0.07498930763702946,-0.010627618955274398,False
2.0053020982231216,1.9466420130303794,1.9482737718750507,0.07511137313804161,-0.01011381670293932,False
1.8827569603599579,1.9364964640087425,1.9379218489226817,0.07507717176754683,-0.008388443152960086,False
1.8968086495361258,1.9327270141634798,1.9341693191413012,0.07035072337217092,-0.006998319622201209,False
1.8442198164109462,1.936365092064041,1.9378332049355178,0.06915297272986323,-0.006623978684999873,False
1.8652615041066116,1.9366336184238226,1.9381060368523886,0.07323567130127528,-0.006403167774091422,False
1.8810486657533398,1.9330879744441227,1.9345426776318477,0.07431638359651907,-0.007640145438684199,False
1.887144913163893,1.9184342364147189,1.919745898336646,0.07185483169003228,-0.00625959733447812,False
1.8535285142575024,1.9106257766745804,1.911975352220578,0.07200588950490083,-0.007453732876696641,False
1.9014586062736585,1.8904084502524174,1.8912108052835308,0.06269843849943361,-0.005971118585452227,False
1.8971995884465795,1.873928837504447,1.8748147503578936,0.06836590377281815,-0.004608845803485576,False
1.9788395424248784,1.8695084955235792,1.8704539875837298,0.06845154201144968,-0.007014600097423618,False
1.9711912759094483,1.8593058650335939,1.8605264692682197,0.07571070170516196,-0.006299696183486066,False
1.9176337391510356,1.8601835752667772,1.8613995944079096,0.07213941152391883,-0.006045591241099292,False
1.8287260451677771,1.8616738991466346,1.8629019498163875,0.07037066020046569,-0.005162771021324286,False
1.8440905725057084,1.8630527403742498,1.8643018609610342,0.07056545717998998,-0.004956872292741691,False
1.7913247123480946,1.861078536436061,1.8623191376997676,0.07022440590026045,-0.0032299275730890377,False
1.7416282942555938,1.8654259005706244,1.8667219639282249,0.07197924160289917,-0.002109813721141008,False
1.812031488666074,1.8674878060118392,1.8688392572850845,0.07570122697999807,-0.0007451289168534729,False
1.7335665616963594,1.8678575774069706,1.8692151875964804,0.07660216967916782,0.0010415859181487153,False
1.85826318014188,1.8647824824399455,1.865997448511472,0.07398210537120804,0.0027768755206630203,False
1.8891066861843306,1.8565346022070575,1.8575571644461095,0.0688298620119215,0.0032345982061167335,False
1.9031101253951834,1.8470088551015431,1.8480900056088863,0.0723229994863929,0.002388389999710301,False
1.8555576501528708,1.8410401868113895,1.8423291102665773,0.07964556927527527,0.0012287930830064571,False
1.9230863404105163,1.837922956386227,1.8392485188427568,0.08184779295011617,0.001094122755016785,False
1.9344490933330951,1.8400206089606757,1.8413094987523158,0.08101302269086844,0.0015916978700847796,False
1.9031159307686827,1.850799642847309,1.8519788908471317,0.07548485730952198,-0.0001375466709675541,False
1.9296380229524757,1.8545338947960137,1.8556891147443224,0.07420444478856492,0.00042042119906144195,False
1.8392251921832417,1.8665292760835808,1.8674779519785931,0.06731657320013082,-0.0009453721472465303,False
1.765221785462807,1.871002610437782,1.8720094384633388,0.06863119624523263,-0.0009446604233329291,False
1.7332273525253212,1.8706695887170912,1.8716738190809008,0.06815104106857707,0.0004690171619261292,False
1.794214885703106,1.8719958338860212,1.8730293668472868,0.0673851894324529,0.0022501600445100486,False
1.8248871535392721,1.8767559700882566,1.8778357131843628,0.067922406537584,0.002372913246627256,False
1.9140928364417265,1.8755764927708256,1.876633355491304,0.06451867079318897,0.004197144578575967,False
1.8717795198453528,1.8747423271287897,1.8757762612635316,0.06035095388737417,0.006356550314276278,False
1.9254926622974304,1.876120409796072,1.8771820024348307,0.05953021215500306,0.007886830559254888,False
1.9298365298090991,1.8759661071938778,1.877023482771982,0.05715705542495171,0.009672007494349693,False
1.8837783386532785,1.8805981711277449,1.8816480192894747,0.05699708962507871,0.008222388287496414,False
1.9243300480980619,1.8857743451939901,1.8866112857177537,0.05157883752912248,0.005653633483042295,False
1.9317198293886386,1.8946551612797835,1.8950854841965517,0.038642220458703254,0.0015316043841360752,False
1.9042147033316188,1.897882948797716,1.8981829150621328,0.03523248246877615,-0.0022682030836962395,False
1.9211024430605215,1.8968125536410665,1.8971584040942064,0.03774155321625434,-0.005142384221168268,False
1.9251652534451997,1.8910664210966952,1.891491749009735,0.039366383974862675,-0.004655460784488045,False
1.9271691813173697,1.892384769920258,1.8928032549437748,0.03967979205347761,-0.004516462228894067,False
1.9133382151251164,1.8920464126723222,1.8924595068057632,0.04052569639156355,-0.003700807153752476,False
1.8480405705227305,1.8901940403017181,1.8905841249991235,0.04029658780350795,-0.003105974372750264,False
1.8753204098980134,1.8900133955499787,1.8904042600667421,0.04106978633441823,-0.0023088143234115265,False
1.8458594859900264,1.8907992434790346,1.8912066542174084,0.04430452695551244,-0.003381451819653212,False
1.8077608310328785,1.8827269995517246,1.8832202631621353,0.04665674768806932,-0.002473862266592707,False
1.8221547157317903,1.8812149079010545,1.8817004139913027,0.04665525598616322,-0.0038981369250937112,False
1.8928731010223525,1.8727445742652056,1.8733391672526223,0.05376898949462316,-0.005693639686179367,False
1.9200789463304584,1.8607227499657881,1.8615649402763264,0.0682513189137911,-0.006757218929430884,False
1.9001985718794343,1.849152032700987,1.8501266636091245,0.07931658643189338,-0.004015951991985563,False
1.8808880226254476,1.849002112874062,1.849971712309294,0.07914681902278889,0.0006953759332697665,False
1.9369036149629566,1.8600585606420803,1.8615092761044354,0.08374050541110521,0.004450569838676984,False
1.8025639265516786,1.8718255000195296,1.8739172132122022,0.09211694494826561,0.008511641926977028,False
1.8800212369208957,1.8861746113104247,1.8888708161952348,0.10017815433393357,0.00901952667082257,False
1.785577104886941,1.895214050531304,1.8978468410208755,0.09884399431298278,0.008750336465430773,False
1.732816064654521,1.9043880413952388,1.9069876997863566,0.09863429952332284,0.007848829131102318,False
1.7420377050805493,1.9073737533943378,1.9099863524684444,0.09864261144101312,0.007430657626652522,False
1.9109394978943177,1.9061530479386455,1.9087650475829587,0.0977461592335316,0.008068433039105892,False
2.024943734811026,1.9076877431700532,1.910302107751444,0.09695291290679957,0.007923278651207557,False
2.0635914399372,1.9093681192983287,1.911967708976511,0.09681236215789604,0.008627547109307646,False
2.0754452666443473,1.9116720125715385,1.9143224089413609,0.09575226348277811,0.008139377011215159,False
1.9523918585669466,1.9153582506106464,1.9178469851416997,0.09497821420923123,0.005368010061645349,False
1.9689385695547466,1.9157827270681875,1.9182637959391342,0.09500190879548064,0.0033974390926061046,False
1.9406444930079363,1.9198744766249085,1.9221384284428111,0.09150775747291666,-0.0006292602205804251,False
1.9005476590393826,1.9271241090458986,1.9288809221577923,0.08132069322312474,-0.00517172909090807,False
1.9247536955819546,1.9363571425440245,1.9375536584460182,0.07009409822784617,-0.010885724127596823,False
1.9077740406778596,1.9318773509966531,1.9332134012193443,0.07067258513919725,-0.01244627055062272,False
1.9737659073343117,1.9223950761037556,1.9236295186381707,0.06430699013863297,-0.01127653474009477,False
1.861543735177405,1.910889545091019,1.911801017433208,0.05154081751527336,-0.00932056140640947,False
1.886812860241553,1.8972956090671715,1.8977652413965895,0.031409502623617996,-0.006734862463807189,False
1.8510450977944775,1.8909596552544068,1.8914054803621407,0.03068890866399641,-0.006057145943900802,False
1.8488101833903643,1.8844066818108034,1.8847538168690423,0.028028090184132194,-0.005301609464138626,False
1.8897662410505642,1.878016848156228,1.8783368810739403,0.03048551086416579,-0.004366657570618181,False
1.8392628331363756,1.8756746038333953,1.8759888386151842,0.030845164638332256,-0.0040506018556068085,False
1.873227336524667,1.872060022240335,1.8723324510491672,0.03161801333685846,-0.0034459149839145813,False
1.8795029437334112,1.8684619809076577,1.868718128014804,0.033557889933962456,-0.0007220878202186794,False
1.8579422902627862,1.8681056808546348,1.8683423046572387,0.035425123917832,0.0038921137776597205,False
1.851016597562713,1.876619805897719,1.8771152454883666,0.041189974488712436,0.005528303285724984,False
1.8640909944570905,1.8821403484782073,1.8827856300077637,0.04503694207854943,0.007688187588363691,False
1.8384071545347342,1.8906764008753925,1.8914673646406972,0.048744044508924084,0.007640378442565791,False
1.8630717498740608,1.895617604258533,1.896393981645351,0.04833465255369931,0.007053274528038447,False
1.8669203900929872,1.8970373845357358,1.8978167697942838,0.048255659069802975,0.007094394951876439,False
1.8502053793550215,1.9012338118170022,1.9019534476963487,0.04763264863300748,0.0047891477773454585,False
1.9680651064859471,1.899509427321495,1.9002668667539606,0.05176509005261887,0.004127213104177071,False
1.9977697358667523,1.9002925464498277,1.9010438518629735,0.05230248959874423,0.0032803309668380473,False
1.9751415415293623,1.9015393508185257,1.9022685352422588,0.05321465041624734,0.0019027441965743736,False
1.9876219361494405,1.9030307813515321,1.9037285771229835,0.05387813479799691,2.9791382641877988e-05,False
1.9278694375206138,1.902745367424826,1.9034494276632414,0.056149096377719115,0.0023188386558055394,False
1.9124827254858068,1.9164787422241498,1.9174546883771588,0.11144495173371151,0.00261516688524317,False
1.906405669636641,1.9256406997079512,1.926684798751924,0.1600436114082417,0.0005736637950012099,False
1.8456371845965518,1.926713987323358,1.9277292937417079,0.196142738857603,-0.0029758354140710323,False
1.8920328497867342,1.9239188464193595,1.9250771583184423,0.23158200699809695,-0.00527806090357268,False
1.8778911601619546,1.9184284531089326,1.9195815880520393,0.2875416107515623,-0.0031294069180762556,False
1.8748794860908171,1.9172161666792753,1.918325636882812,0.36454382679507547,-0.0018599102031626122,False
1.8595243716297931,1.7937698203336903,1.8536853137209295,0.36407914180787443,-0.0006034516795521466,False
2.0581411513239103,1.6695434493243504,1.7858427092659246,0.36346443090442926,0.0017056680798974034,False
2.009663069614883,1.5490516094793116,1.7195760078375075,0.36341015581783687,0.002894384374869084,False
1.8840929919395009,1.429521439136449,1.6517694332972983,0.36340878269819465,0.00395456500733858,False
1.8054831248910457,1.310371084784159,1.5815161553708066,0.3633769656889638,0.005161502734342517,False
1.880218813519115,1.1950187607468743,1.5127110798582837,0.36281121633301705,0.002858195609520483,False
1.9783731529922355,1.0767667076352034,1.4368570012649162,0.36272363294692395,0.0022635883457353062,False
