ppm,mean,rms,std,slope,label
2.0,0.9662726842704658,1.3672141210279503,0.4650003180542486,-0.030145719417594405,False
2.002389906093388,1.0752500014846635,1.4350231159857645,0.4662339835533777,-0.030201411126080397,False
1.984024514600279,1.1852378731378768,1.5009492509696496,0.46707656606384707,-0.027453387470123863,False
1.9187281950678923,1.2971584579040145,1.5662912023939417,0.46745651188567183,-0.025624683998546834,False
1.9415780484049865,1.407758576917123,1.6275706780069736,0.467972728481474,-0.02124814572364247,False
1.9254117812898868,1.5229589509319799,1.6915449537859424,0.46798442733718015,-0.017330480077102434,False
1.8794478141186626,1.639383469312922,1.7544797024652168,0.46799315162406885,-0.012970878541882292,False
1.8087826887523575,1.7592576298514677,1.8188227115910918,0.4682834129824743,-0.009738389738798727,False
1.7436370754271637,1.8792147508460273,1.8810506187331661,0.46855996725178584,-0.008017775045713429,False
1.7598059464514106,1.8719766125593766,1.8735626830782928,0.39087093964287595,-0.004793164291769945,False
1.790729356258204,1.8661027667766568,1.867422207601019,0.3148186605416185,-0.002507458029939357,False
1.7696019042097346,1.8575004000399697,1.8585787849533537,0.24359501284904717,0.0008419277651553842,False
1.843205984237708,1.85644207291257,1.8574907096892106,0.18759841185146636,0.0021388064656855054,False
1.862792294095074,1.851361992667526,1.852284510395376,0.13249100690390697,0.005574105769089003,False
1.917986568616732,1.852045393924636,1.8529967721803149,0.08621859470789486,0.008454653217308636,False
1.9193139359129598,1.8549290884433811,1.855955170669698,0.062082422087357515,0.011789761759784951,False
1.8841897874135893,1.8669114765485082,1.868211420016415,0.061593340994481494,0.011947175642319816,False
1.9084083735698678,1.8787509326064313,1.8798255510729396,0.052554952581097485,0.009762413773131834,False
1.8463866468132883,1.8876656818567876,1.8884893761993022,0.05018696925680066,0.008280184828765112,False
1.901794961029494,1.8969908309093664,1.8976778163890589,0.04953939323125502,0.008592331887189024,False
1.8602967644842818,1.9125889497425173,1.9131855208974748,0.04442284023980165,0.009782852944693377,False
1.9363462014036465,1.9296568613031617,1.9307664821273585,0.049432826821283325,0.011453890499184589,False
1.9255869264185845,1.9445655087751992,1.9460110277360108,0.05239898559923237,0.014788342851976761,False
2.000500898434392,1.9619660853271361,1.9643196138422094,0.06465462953373961,0.01760424382067289,False
1.9330683723539344,1.9763562487976412,1.97916731399307,0.06963014662184544,0.020734647043895202,False
1.9024419344571148,1.9956599574634584,1.9989519976540957,0.0815364961790213,0.020743093511067297,False
1.9399317410994619,2.008106990199036,2.0114164138500454,0.08374452637617873,0.020916293242867957,False
2.019171805540148,2.0249977493450824,2.02798779535318,0.08595176310025411,0.016113009710500593,False
2.1162925692080212,2.0285506512636227,2.031366596610656,0.08760953363903247,0.011058958353055126,False
2.10133065364767,2.030878961125107,2.0335190387253848,0.09176119826792563,0.005950266471618731,False
2.196395793447725,2.0311646905256713,2.033791417328257,0.0930018948919113,0.000951260202227463,False
2.1495565514410404,2.0277551238688063,2.0306064851556687,0.09730682947104281,-0.003243397910502907,False
2.1930491260666627,2.0224735525647684,2.0255067122094523,0.09769876130717135,-0.004448541547994762,False
2.107560897339105,2.0255932718665886,2.028520255015424,0.09741053204630873,-0.007637974566362248,False
2.1166387931500346,2.0289067189281753,2.031668616971245,0.09465953263104751,-0.01256680116270662,False
1.9586413917261427,2.026661069296064,2.0295431117029104,0.09335746499753936,-0.016947986447140455,False
1.8975497222680338,2.0185847031989628,2.0217501685077486,0.09380362366657563,-0.020271297902439867,False
1.9409178718126747,2.0018482124133055,2.005272271706163,0.09336300185880567,-0.020707459862394115,False
1.871033859908742,1.987087521289134,1.9906201913616048,0.09329059681773268,-0.020341446041325945,False
1.9159957575697817,1.9680322275614683,1.9709572496095806,0.08457810058987299,-0.01740507034184972,False
1.9829838811830562,1.9517739319931846,1.9542276077972585,0.08070143824137746,-0.012454472481808367,False
1.9554570874425012,1.940112849326983,1.9416576892851,0.06921528868102257,-0.007059173832243691,False
1.904001346985674,1.931036343475483,1.9321216659572265,0.0661809414770984,-0.0012364192381006877,False
1.8899499479865387,1.9269634360231778,1.9277234763923616,0.06468014706812485,0.0035476787962353405,False
1.8485087166375067,1.9283781664557598,1.9291686613658696,0.06248260900721197,0.005318997028812916,False
1.8651595956609257,1.9340595695044347,1.9348823393167907,0.05484553384431225,0.007095492188849196,False
1.8915110938050717,1.9415753693850606,1.9426395866408404,0.05336492681991587,0.01057870065149701,False
1.8894238223485025,1.9571280343002946,1.958549936840003,0.04831619728754257,0.011234726949845137,False
2.0064718034074365,1.9671707713214082,1.9687598236503274,0.046605242561321494,0.01280602137244715,False
1.9623368037151023,1.974389391286576,1.9762281732830145,0.04605491292077794,0.015613577728557737,False
2.0514722739131557,1.9839845905434028,1.9860707135553715,0.04611750530337635,0.016549357921873408,False
1.9812770786474556,1.993749311575761,1.9957922135505184,0.04666493451696597,0.016640751471695612,False
1.9884521710468301,2.0061373365270265,2.008100461751993,0.045802364697529616,0.017902700498781697,False
2.06117066990269,2.0272732995777387,2.0292252588861115,0.04679194772209421,0.01752908606774955,False
2.1198764985524856,2.047387296507389,2.0492095905548666,0.04796827446683152,0.016809525282365557,False
2.0766795499075985,2.0662251904757762,2.0678979609397867,0.05097910869940848,0.016091286051972176,False
2.0984818006257395,2.0859055194787715,2.087287231636656,0.054482520221196186,0.012240637236023451,False
2.108980275551732,2.0908762897030346,2.092154570019093,0.05375454230182628,0.01077860218386743,False
2.060236883503408,2.0995250512420083,2.1005359145273554,0.05367413956912372,0.006619593690311635,False
2.088158347206781,2.097845775722284,2.0989059705812596,0.05356794075410314,0.0035078445096185023,False
2.1866841254489064,2.0981109626390717,2.0991565487230464,0.05964796200807351,0.0015953684147023489,False
2.1869835465353282,2.106170737310518,2.1070240929847226,0.05989281543937405,-0.0011357633349499117,False
2.192917397299269,2.107635169462971,2.1084643062200406,0.059337445210521665,-0.0036180921308372363,False
2.2043090863964214,2.101861694580503,2.1027783885523457,0.0572042050993012,-0.003447820964295911,False
2.0860041269956495,2.102852392717661,2.103760295330891,0.058147947648310244,-0.005550462995893031,False
2.1007169883386796,2.098059185923319,2.099061233757502,0.05826303071966254,-0.007628106167333277,False
2.024603865597566,2.090727716793676,2.0918877174759363,0.05918866678758688,-0.007718435067345393,False
1.985520069316063,2.0912046855831505,2.0923582866944685,0.058909102880060946,-0.008932519522829,False
2.117408565789964,2.0894606751598035,2.09062869137742,0.058974635595303006,-0.01154512290424429,False
2.0846015843419408,2.0751379317355374,2.076384345327276,0.059605163089694636,-0.010899243788582622,False
2.027500900432996,2.0632346833846364,2.064358139973184,0.05763690931529511,-0.010236928811601499,False
2.09253072010213,2.0495063388071815,2.050458426272257,0.05686761026071296,-0.007029671746352281,False
2.021790491916268,2.04109110782258,2.0416692375172634,0.05102515455875048,-0.0041870984926347206,False
1.991676769477447,2.037143622709623,2.0376932195917106,0.05117277196147743,-0.002339879857143759,False
2.067868384135,2.0360045152405575,2.0365236392931045,0.05200362773895367,0.0016869322665444709,False
2.0602541804332275,2.045507989918868,2.046302796028888,0.05917532945124947,0.0023279486138795494,False
1.9575202306606516,2.0526069823337556,2.053375720113568,0.05486415073213668,0.0014054325190596677,False
1.996531572920911,2.04980929537911,2.0505192971889636,0.05509396053156685,0.003422221339034133,False
1.9732638840599839,2.049838337281923,2.050548824883833,0.05609671377783817,0.003535760185970435,False
2.069665390642801,2.0494236292183396,2.0501394081896605,0.05559854142592814,0.0028025655683644813,False
2.022844365188333,2.0457625487435678,2.0464516125361194,0.05456200996410745,0.0031235620976693907,False
2.0824912688336386,2.045360968022523,2.04605546321643,0.054492863831350415,0.0017397370368506162,False
2.1766594604505354,2.045778442806871,2.0464624835995866,0.05376827906859549,-0.00018851593277374693,False
2.099103947954261,2.0416328697162744,2.0423365712203876,0.053325205159282824,-0.0003809304402286614,False
2.0726455745156303,2.038215996902782,2.0389326171959223,0.05319877388012104,-0.0004122713053860411,False
2.0850662547869527,2.041782196814573,2.042403368319346,0.04801281359162828,-0.0033452365766406898,False
2.0208655714156594,2.0405279068904227,2.041183047142834,0.04613100988381841,-0.0060480022689267995,False
2.0339534325057804,2.038866613546258,2.039587225386247,0.04209231209618185,-0.009124549060920457,False
2.015365200379554,2.031235367671136,2.032057965124525,0.0417876226940596,-0.009910042492859612,False
1.9983563660270187,2.026854168576276,2.0277676702005474,0.04149873227058948,-0.011819092093664083,False
2.0015392146854527,2.0175423669193737,2.0185255974143343,0.04045623949484811,-0.011616739358472511,False
2.0055842154173487,2.0041832415474574,2.004780415372188,0.02478707350436038,-0.011069999971021408,False
2.014579429249309,1.9892136655130899,1.9899458617913148,0.02705350058414182,-0.01190331834185931,False
1.9764629341345052,1.974474826240812,1.9754147632858057,0.03435532655396357,-0.012526832524268278,False
1.9466831905533444,1.959439738733074,1.9604035404755453,0.03770725113416595,-0.012867048356373418,False
1.947565456640853,1.9466645289722098,1.9478602039451678,0.044780994968852676,-0.011508591938425834,False
1.9527451796705773,1.940901487180854,1.941969942933703,0.045496580622199065,-0.009473979816562157,False
1.9335024423231937,1.9369170846615678,1.9378960793369577,0.04688213796602759,-0.007297317898713141,False
1.9629134544998756,1.9351122322069967,1.9360474832511245,0.05046764016061616,-0.005862122273695413,False
1.8595907314043825,1.9315824734930853,1.9324464555530967,0.05328088037443939,-0.0040830801864338104,False
1.836824146159188,1.9282557649514425,1.9290366474316751,0.057419784634086334,-0.0033838483316356977,False
1.8445048546631386,1.9202563093158758,1.9209308082918222,0.057224231569352885,-0.0020607560439875093,False
1.8164622152418315,1.9150655569357504,1.9156950731914109,0.05732106838922533,-0.002070352589244697,False
1.9417447638440903,1.9092215297717212,1.9098903416204405,0.058174414113219976,-0.0023292181095568034,False
1.951614760070974,1.903658546697554,1.9043391814915025,0.05976360178769036,-0.004948287960465817,False
1.969478726753882,1.8894981651155118,1.8906117388071124,0.07707003177763667,-0.007432192467580316,False
1.945063075262872,1.8748775137639127,1.8765113460507046,0.09531377384662888,-0.007114168611517762,False
1.9523568787510635,1.8667249104741594,1.8682485277741063,0.09812905297342277,-0.004430079786375378,False
1.88658813908024,1.8697145457945543,1.8712601541485006,0.09674708057782153,-0.002065076609487435,False
1.8934108960524996,1.8799413817974806,1.8817167092620326,0.09477114186645183,0.0010837499124653344,False
1.8531787559288793,1.8948878765094948,1.897253251755223,0.09719931816963263,0.004342765630917855,False
1.8585577274541776,1.9133265318066885,1.9162452574597304,0.09875214298951727,0.005468170052547191,False
1.7261790743579013,1.9211916386835979,1.9244556906893173,0.09938473705206118,0.00732258049361387,False
1.6995720206976044,1.9239165565552563,1.9272479052113751,0.09920028916115138,0.010626850148561448,False
1.8324718018638237,1.9298701427232552,1.9334690413258058,0.09718777038109729,0.013933481705349698,False
1.9074248965307028,1.9369849360248774,1.9408219655040886,0.09627873528677922,0.019243273373418975,False
2.000453522206011,1.952444266844087,1.9572884350715256,0.09573864493668982,0.023072934404436626,False
2.083648770055365,1.96877278112151,1.974045163325816,0.09570833463706298,0.026858895983166136,False
2.1114806999969287,1.990687191598103,1.9968785982599266,0.0996239077479196,0.02901701852318255,False
2.0675864738746412,2.012240252895332,2.0186233026623763,0.10058053434379954,0.03053044483995897,False
1.995213446017508,2.0366108006805326,2.0432647785977522,0.1045297225047379,0.032458898732936205,False
2.0647361054418636,2.073288047436209,2.0792011624758127,0.1044752667339377,0.028229266436388283,False
2.0588997680888275,2.1048576569795197,2.1086330567826543,0.09057512790818921,0.02106730034664516,False
2.1997061718584177,2.124383358280814,2.1269682673772907,0.0876163771154695,0.014104102327863544,False
2.14784436751901,2.1339925407313918,2.1359140854235976,0.0881372045653578,0.0066068315269101376,False
2.2440414636779873,2.132601656473732,2.134618264381429,0.09217853734503668,0.0018370999241843944,False
2.1980277366845438,2.128716950782924,2.130879598938967,0.0891804173304818,-0.0014435545184303801,False
2.2484864920173844,2.1221538917166862,2.124528535929937,0.08573583577102256,-0.0038785371134985565,False
2.313015022448724,2.118469922792519,2.1209914656541136,0.08610960862469327,-0.0064007429603069035,False
2.2046857733905725,2.121314137011623,2.1236958019350585,0.08567661047986144,-0.012758493853129233,False
2.1448830226845343,2.112466226200994,2.1153721246511514,0.09062520492999557,-0.015666264130024754,False
2.0611718157399426,2.1095287446228457,2.1125438045729252,0.08997314478420583,-0.01901897623874193,False
1.9781993740834578,2.096370196607463,2.0994575027490203,0.08825785933690575,-0.018436547805639785,False
2.021493479002436,2.0885510531028193,2.0916767014194497,0.0882592436470146,-0.01790101069985359,False
2.006471754937129,2.0768340948155526,2.0795964359931514,0.08466672094656126,-0.013573448364320702,False
2.0086429710879683,2.0726031365893496,2.0751887204897077,0.08893544898453126,-0.010488888275215552,False
2.0407208735231697,2.063603424653171,2.0657281237485163,0.08774538698285561,-0.008867734725191862,False
1.9231695324717994,2.0416274350213857,2.0428651935130997,0.07331115346753682,-0.0049387716016172055,False
2.011900062838453,2.026998134615497,2.027860064401419,0.07031147129698995,-0.0022376669445353784,False
1.9891694036122898,2.0171346227821885,2.017786139434622,0.06989532417535753,-0.0015010996127587694,False
2.0227380714447176,2.0087458315984703,2.009478881118895,0.06960248660777389,-0.0016885883364967228,False
2.056570131081723,2.006780740877401,2.0075588351275404,0.06322327884173552,-0.0036940585245461314,False
2.1303324050652948,2.001255093944801,2.0021091085153135,0.061444562971003015,-0.006016828857397374,False
2.1044911010385188,1.992260323130715,1.9933990743628727,0.06364344867155362,-0.007087175700510168,False
1.961399188340165,1.9869364625830634,1.9881413167560968,0.06192013053298011,-0.008344262781986866,False
1.970616966896354,1.9782113150455434,1.979472850325742,0.06247832711471757,-0.008817474026452075,False
1.9870668333515968,1.9762362182098183,1.9775687824145558,0.056833600988598416,-0.011743451460763697,False
1.9269511568004503,1.9679973427072863,1.9694447862305773,0.05986977269321513,-0.010800305581352332,False
1.9467579225463592,1.9669364463831496,1.96837754737505,0.05948235606467825,-0.010227612557788174,False
1.9330831280808278,1.9638847440025908,1.9652769743812653,0.05939497544027014,-0.008707244302401934,False
1.862555421911753,1.959259748159056,1.9605184464323822,0.058079836670886696,-0.0068092612936212025,False
1.923461202325547,1.9485356290102378,1.9493026469558064,0.04885186915066111,-0.0023785224649607406,False
1.9011185129228472,1.9415490935213846,1.9419463413679439,0.03999558557267928,0.0034283902828261426,False
1.891567983100196,1.9486341215089604,1.9492952293036825,0.04414700328086754,0.006694042931681132,False
1.8800780547979414,1.9568716448135235,1.9578824290563361,0.05171765631169507,0.010324247515080263,False
1.972195062426099,1.9656966400093017,1.9671353296524527,0.06246426563227963,0.01426687709738416,False
1.9739108333557807,1.9793497274195548,1.9812171963362186,0.07437847098438195,0.014443889164491927,False
1.9825701975851628,1.9852258518517298,1.9871217436423552,0.07655438798090941,0.013628175740627909,False
1.9587464986842047,1.9882889311304304,1.9901370096247584,0.07648503998422937,0.012235716118334775,False
1.9927065332168683,1.9951591731011384,1.9967455855813803,0.07298195894729734,0.008417924600423055,False
2.0747596361413785,1.995758820260606,1.9973245812483316,0.07271253541344752,0.0047153474173730605,False
2.102417339769362,1.994390475819185,1.9960292259442767,0.07276715320895287,-0.0012190002607967657,False
2.128266756484049,1.9877306460709765,1.989886248681289,0.0779818823361797,-0.008031274001390466,False
2.1454005553645024,1.978754976913073,1.9817129882145912,0.08581288636619351,-0.014243552166841355,False
2.0407759134611574,1.9655306425483297,1.9692187694851517,0.09160400293187336,-0.01750859038209662,False
1.9820923965400354,1.9541830450693771,1.9583371922109822,0.09411804461927115,-0.020617249219589767,False
1.9724792934430826,1.9412670112247308,1.9459033515923696,0.09703132822345593,-0.022297674796905514,False
1.9330555568770267,1.9322367375832932,1.9371289460065355,0.09760965763686902,-0.02405520798472645,False
1.8792250018601127,1.9211983782512083,1.9262465205601846,0.0981788335731672,-0.022890049979336802,False
1.7850107071288615,1.910845481089898,1.9155106450629615,0.09714450411452992,-0.019632845715681056,False
1.7364673482714839,1.899009943822117,1.903064852513875,0.09455685693602328,-0.014294243029967997,False
1.7606057125902053,1.888985226844754,1.892245546515861,0.09195134356334789,-0.007722091644643979,False
1.7923492736925413,1.878952905750534,1.88126470048195,0.08736768984619746,-0.002025593866463099,False
1.7759136560708257,1.8703435763356988,1.8722188381504217,0.08572459763559902,0.0021356201854144784,False
1.8142621204211953,1.8659711237929462,1.8676659394834743,0.08589153761817393,0.00412240225349321,False
1.8160927839035135,1.8583896514851204,1.8598890092643596,0.08607162790697004,0.006528522179375954,False
1.9091132815604173,1.8542619370395048,1.855667408916392,0.08639775909039535,0.007838015133283265,False
1.9130487434848644,1.8519511530389516,1.8533488613701834,0.08718557116906452,0.009095957622790475,False
1.9678712848462379,1.858440007042314,1.8597690806410838,0.08146172908093681,0.0069998193541928955,False
1.9848834178569836,1.8639711887289265,1.8650576317193277,0.07432891193642875,0.004267042830645676,False
1.9030266428237927,1.8696897958473802,1.8705880449297563,0.06901942809249395,0.0028917284848001884,False
1.9121331558559933,1.8769575192082484,1.8777639223433362,0.06554621807101456,0.0031903145589384863,False
1.8511757365178734,1.8895125191103848,1.8902678614342616,0.06248203431710787,0.0018435137492572985,False
1.867012125747177,1.8970226703875728,1.8977001322359195,0.061130273673149264,0.001167880370948529,False
1.8422524578512591,1.905099741272366,1.9056880745209523,0.060220054779472454,0.0005888440980985268,False
1.888832371182659,1.9085661517202066,1.9092079074433683,0.05886951678047115,0.003622138731619232,False
1.8249662552572878,1.9179204207642497,1.9189229314164002,0.06475617640485955,0.004438562050687394,False
1.852103426485461,1.9177053209186168,1.9187025249849485,0.059186366160309825,0.0053711056687940914,False
1.9086328474664334,1.9133437998972074,1.914264747554392,0.05120465077557214,0.010357336784754818,False
1.9767936545050082,1.9254110077739348,1.9268284407316425,0.06416439098355167,0.01266136548597603,False
1.9344245408562035,1.9349839878133326,1.9366836954518538,0.07154470026597724,0.012351782400653202,False
1.9453259180602036,1.9406633844321661,1.9422376135277593,0.07095754341049076,0.010109333951809645,False
1.9645758487258673,1.9437117616639323,1.9452039336720144,0.07059031048277847,0.005048048586487532,False
2.0627170481895534,1.9387138482950574,1.9405677451214858,0.07852270369360134,0.0006798715544362535,False
1.9644296873161122,1.9339367132276564,1.9360066877476132,0.08157591903529268,-0.0010831772900216652,False
1.9150990815144324,1.937946670036907,1.9398492835231091,0.07820132818825032,-0.005002198815750068,False
2.0961019688514324,1.9378812675693393,1.9397868560633869,0.07669551209232833,-0.008502279306624288,False
2.065300836486359,1.9339139023288516,1.9359443172559792,0.07684258691885058,-0.009196278420218414,False
1.9420460824192087,1.9306018615721616,1.9326048408913628,0.07819765788140981,-0.010258869488685226,False
1.9157861614554375,1.9240889480278685,1.9262509390359777,0.07819787935922679,-0.012952249731942441,False
1.7622858439492601,1.9135305133236937,1.9160237930315658,0.07922209586968537,-0.014628518381270371,False
1.8123982101042402,1.9030098607452934,1.9056707169962896,0.07942664136744931,-0.015800584394250517,False
1.8891255642052973,1.8854443268648673,1.887869751045821,0.07447450538119801,-0.014063043006040263,False
1.8510569870043776,1.874966609928792,1.8774033240994992,0.07490545953587169,-0.014730891394624263,False
1.8451550036186304,1.8647381213793701,1.8673885656004703,0.07807181054455502,-0.014981706631367223,False
1.9238010023979706,1.8463308473368065,1.848078529720699,0.06820761494959045,-0.01055358828603635,False
1.8302179241475107,1.8311491551460377,1.8320405206482955,0.060165304546824803,-0.0049655754807968215,False
1.7763909627934116,1.8273954079243953,1.8281187103183907,0.06051771763051351,-0.0010642530407727806,False
1.7962454074714613,1.827140783950356,1.8278521401301548,0.061816009130026696,0.0028349890983384303,False
1.781668506102733,1.838082715924774,1.838892243670536,0.05120047784624458,0.0017780324912181032,False
1.796786216338908,1.8410562528518306,1.8418590121368996,0.04682247382310554,0.002578420300940596,False
1.7514432647236804,1.8423942847074541,1.8432386406068588,0.04686386591230969,0.004704674683158261,False
1.801585584170419,1.8457095966886,1.8466126312078386,0.047154134589533665,0.006040529135423102,False
1.8223937614340566,1.849668082927331,1.8506315043599233,0.047853717886901286,0.008607820630913168,False
1.88198612687293,1.8535000845590845,1.85467407645502,0.04424935169113835,0.011764306397950675,False
1.9117121778708082,1.8606227106023097,1.8619075042560325,0.04472757017270742,0.01456031644429727,False
1.9373567555399482,1.8766997760165203,1.8782847000234915,0.045294276416754785,0.01727091128214869,False
1.8599748009371493,1.8966374959226822,1.8989311974837408,0.05554968071788501,0.020135598908472274,False
1.9105340738952692,1.919228755123537,1.92213573993,0.06662095000002655,0.020253895036483213,False
1.9041019787027123,1.9358559982694112,1.93875744969576,0.06806339709149001,0.01725968750186432,False
1.9084907834383285,1.946529618970078,1.9488436955757613,0.06681457129296196,0.014455807858399908,False
1.9851130285060277,1.958844151921914,1.960813474917535,0.06589769168563772,0.012287293715189695,False
1.9441799408391098,1.970288822980391,1.9719529826102937,0.06555858565081621,0.009185068045351021,False
2.0336240094207834,1.9751628385111422,1.9766953030970684,0.06598948036661324,0.00855857803625668,False
2.1152489259700515,1.982955112374563,1.9844618926735338,0.0651815757569601,0.007088748546094353,False
2.1431286533164062,1.9855726115833188,1.9870432013060402,0.06385108171712978,0.005581169101535318,False
2.0628221066729,1.9916305562718832,1.9928530080993314,0.06465716598470633,0.003063007117485463,False
1.922221195934349,1.9969009298046834,1.998010509911922,0.06473914994839426,3.4518632114299615e-05,False
1.9986181113997932,1.9984454856957743,1.9994914733556122,0.06697501464795096,-0.0031000932355154825,False
2.005508498369689,1.9999725484458613,2.000957828921096,0.06859352842576988,-0.0047299140805122,False
1.9599703753649478,2.0014238248116447,2.002405510283425,0.06830167760776147,-0.004690395329437948,False
2.036388559685542,2.0061469583480784,2.0070749857488503,0.06831315928170734,-0.004229235130200548,False
1.979236742880042,2.009772529385414,2.0107974565537603,0.07159343431944522,-0.0010923083410681108,False
1.9569019159541792,2.011688491237023,2.012826524650788,0.07580214858970788,0.0031499448318285865,False
1.994860050420072,2.0105231359248554,2.011590747260542,0.0738458025382281,0.0048693256545484925,False
1.9288148729601684,2.0044471317885506,2.005497591217513,0.07181531787354124,0.004052593101628869,False
1.9329237874397192,2.003334481836735,2.004435800312851,0.07192171732235532,0.0017017745958142043,False
2.008333450358563,2.001205601370659,2.0023300810744042,0.07205324298636846,-0.0007871578788417707,False
2.0197500774220463,1.9931649161684328,1.9945197092182898,0.07692376199453213,-0.002847824239987506,False
2.09163314601816,1.9878997270549201,1.989450476025043,0.0807572541420527,-0.00483119668718587,False
2.145904315595796,1.9802927598206845,1.9818823299239825,0.08223037155103892,-0.0030380044688138683,False
2.1244829683217237,1.982568573583982,1.9841746867042773,0.08244402472128393,-0.003177206183447418,False
1.965606040492022,1.9839372736394467,1.9855316628846034,0.08134726770202783,-0.004502714900198943,False
1.9044187967053001,1.9807192509113412,1.9823376768548977,0.08137393707819011,-0.004852896540150178,False
1.9645560239425746,1.981963270586649,1.9835539805464564,0.07922644083346532,-0.005983202038663803,False
1.876857535134071,1.9847471643584753,1.9862961772507022,0.07725930055696745,-0.007257303534750094,False
1.8757273495487434,1.982450784022117,1.9839942244559665,0.07725052138440311,-0.0056447418979307116,False
1.9146770839377738,1.9836419517559551,1.9852122070471556,0.07791804028514782,-0.00490934991915891,False
2.0156497630927985,1.976979806192772,1.9783599583943303,0.07361837771841881,-0.0023178561134431556,False
1.9788011168416137,1.9675165771217151,1.968432523619525,0.061081855403604515,0.002248863040620398,False
1.943371686770384,1.9611133613206622,1.961676724891489,0.04974135872216382,0.006111001575232032,False
1.9487191877650964,1.9629325350139604,1.963512179964342,0.04986332809819592,0.007790010659639296,False
1.977466087788938,1.971774391022421,1.9723864046153992,0.04634235057844897,0.007962809601787732,False
1.9715913649768317,1.9769860602378295,1.9776804457120185,0.046245679215582786,0.009897436424077814,False
2.0388087611634558,1.9901875933213178,1.9908699672881431,0.03958177678682133,0.0095640707333674,False
1.9850388170072288,2.0033618840546668,2.0039368683943164,0.03129267055096024,0.008880275769026665,False
1.9944926504588871,2.014702246019757,2.0152535562102956,0.030612954719831057,0.0074887763682351,False
2.0220315155048754,2.0164591944927928,2.0170223279012345,0.029428955738110805,0.007137440479174451,False
1.9947128195847925,2.01774353066211,2.01828847176387,0.02982242286131833,0.0074555927444922235,False
2.0458884928406715,2.025839782114824,2.0263280078853634,0.03264358843402051,0.007294763386133301,False
2.047942731389112,2.0353014316409412,2.035758766771655,0.03883100830137171,0.00536982530114092,False
2.0880820644698814,2.0381917907280185,2.0385972131469576,0.03931255508421901,0.004038244321082874,False
2.0865160012823294,2.0419052593972244,2.0422394865852773,0.04110634277400527,-0.00043802789260788643,False
2.0961228753792134,2.0322252912569705,2.032921577777896,0.04447914921249139,-0.003550544576744476,False
2.04376093866137,2.0248418320977386,2.0259144806313376,0.049489861406797495,-0.005905745296361392,False
1.9993504955506913,2.0217191420995446,2.0228764513471456,0.04923772139005425,-0.0079372002012292,False
2.0729117100138144,2.0169260119799866,2.018170707010927,0.04922284481870042,-0.00894123019577785,False
2.100105580182962,2.014794896926757,2.016081284081952,0.04915679586390586,-0.013830193276891237,False
2.0237118331821735,1.9985231071949612,2.0005598085391836,0.0605179003546082,-0.016908312101896614,False
2.0310068636841376,1.9826625403252653,1.9852711158862348,0.06755957759968197,-0.01832082981913001,False
1.8839292709193913,1.9674914079010548,1.9701844778322966,0.06793715718181537,-0.017349084818702416,False
1.8669034704595175,1.9556128919680367,1.9581407088899907,0.06707714764424018,-0.014505509437775961,False
1.9445296104877843,1.947713470199398,1.9499223400683507,0.06935472142784718,-0.011322121635955227,False
1.945341433591947,1.9425819642150894,1.9446447765547907,0.07261370584334913,-0.00904631814675304,False
1.9606149787331169,1.939964368725554,1.9419799057152658,0.07576846990254395,-0.008980762560568767,False
1.7855398571319367,1.928152485399429,1.9299088841386138,0.07461911675230774,-0.006908825557803911,False
1.7941736614739772,1.9149622646333717,1.9162281438778588,0.0718874334572435,-0.004944329716441339,False
1.8453439456825134,1.9028557898715657,1.9040155815068687,0.07199329793630697,-0.005676975840068777,False
1.8964597463540367,1.8849575355323045,1.8861860830610582,0.07706329334301075,-0.0060902973002558945,False
1.969732127080993,1.8745762569067757,1.8762481407647613,0.08221940185309463,-0.006375545485581952,False
1.9616568429124384,1.8735620140932139,1.8752430663468473,0.07917223494551573,-0.006833976508945855,False
1.9574689677181236,1.8680814494086868,1.8696798931067302,0.07926944557454543,-0.0048756658686151585,False
1.8839215767958133,1.8647168054958434,1.8662243363326618,0.08058852019763003,-0.003054506871225769,False
1.8890620479260494,1.8594890747166861,1.8608415853277447,0.08146943353622488,-0.0024735389994759525,False
1.8300082369932742,1.8596423669059086,1.8609887695223433,0.07358363742852678,-0.0036065671729764385,False
1.744634794255958,1.8647540405532446,1.8660224350355807,0.06935183825880181,-0.006961467842921498,False
1.7178288129109296,1.8596846992896698,1.8611129850632364,0.06841028162913351,-0.009073501193094188,False
1.8506755854425285,1.8515504496449189,1.8530913753540028,0.06880196767710767,-0.009241208184358645,False
1.8568405755353525,1.8408226977261888,1.842152926545381,0.06457666918459465,-0.006686482847917023,False
1.8915071309864517,1.8333569113272805,1.8344286822578568,0.06163841749852251,-0.0043878854864156935,False
1.8769712862666006,1.8249079411685658,1.8257035789110074,0.05777655691544072,-0.0034796889217181344,False
1.7879925321594965,1.8158294013324892,1.8166743687439901,0.05931652309144964,-0.003831407057080707,False
1.8759604398313545,1.8058754983974656,1.8067329532786598,0.06139101000484079,-0.0037781672003206705,False
1.764234485465316,1.7993377449331136,1.800288742009572,0.06444586463829052,-0.004728349715088583,False
1.7663117520380192,1.7978110668308531,1.7988190167632734,0.06192806380252475,-0.005328488363450718,False
1.7980880963813126,1.8042205327951248,1.805111599250844,0.05083477325680337,-0.0076050607414759,False
1.842204260529907,1.7994600000424694,1.8003249942788904,0.05391570687366189,-0.0060727990941442725,False
1.8222854451786887,1.79755682398753,1.7983771154150139,0.05421371784981848,-0.0036481707676493634,False
1.738664939418587,1.795708198119061,1.7964469237649583,0.05231251304272256,0.001064727054388654,False
1.7297996009656726,1.7996641836133738,1.8006450203767832,0.05539567398032213,0.0053565310305632545,False
1.725404181563642,1.8092420930874709,1.8105360345027053,0.05861206670119073,0.00863161779918481,False
1.7202079446197909,1.8168396330489578,1.818645007378795,0.06410654288010262,0.013138301775276272,False
1.8203802683392785,1.8307974595228274,1.8329856942149043,0.06860930088173062,0.01545455414203889,False
1.7745070614000382,1.846371056538278,1.848981557733954,0.07383681769376332,0.015387085168883543,False
1.826389758656322,1.854177390727422,1.8568200708899039,0.07387197102819039,0.012759196095265369,False
1.8619291170909487,1.8500548958392404,1.8527988935098154,0.08220922282957917,0.012260273958726768,False
1.9402670541756064,1.8506908369021415,1.8534260014399269,0.08630047381511234,0.012345885444885546,False
1.9412390837450497,1.8597406790897106,1.8622480027507373,0.08711886436864265,0.011339155513219179,False
1.9975210792151457,1.8722202785447217,1.8744689601337787,0.08588668106422458,0.00925906348184517,False
1.987559709047228,1.883667283604725,1.8855322447776726,0.08490051455732157,0.008665451180510923,False
2.0154893042852318,1.9018827969583483,1.9034730537878823,0.08201111329432141,0.0066803024804122976,False
1.9229894434076127,1.9120037217866357,1.9135559725589848,0.0819884611631172,0.00680958427844066,False
1.7762443423190042,1.926735814632473,1.9280698687128368,0.08038566723341525,0.006131173896651553,False
1.8324605021851048,1.940359307116057,1.9416968418617357,0.0812843740804573,0.007827376772019674,False
1.8834624144196928,1.9577909374365954,1.959581928261817,0.0867614347901047,0.008749639260588124,False
1.929473192245852,1.9678172555943223,1.9698926965840908,0.08499597891177912,0.00975014693916795,False
1.9085562625236934,1.9743893971490445,1.9765334605994023,0.08258293809982313,0.008613007972688555,False
2.011656158277762,1.9713909311520101,1.973537274938997,0.08211828406487147,0.010671733797866597,False
1.9823150655918762,1.9753094368473678,1.9775418019964397,0.07818841370174559,0.012729438110070773,False
2.010220546933437,1.978591485615161,1.9809275091543384,0.07287471037354068,0.015539080684443412,False
2.044365638393666,1.9887162352920658,1.9911437765546707,0.07286323731468791,0.019554705190429532,False
2.140835202219563,2.0189034562084913,2.0215028054754662,0.07816165162523779,0.01912909753960093,False
2.1006881446992383,2.04436571106603,2.0469890004467746,0.08606713715650134,0.01656964437620695,False
2.0463933486206036,2.0595079857031653,2.0617643885625725,0.08615103836435936,0.013816119196512126,False
1.9495456232625936,2.0698611469891874,2.071844515265415,0.08657483429984474,0.010132181169755838,False
2.0502558001729527,2.076974396979453,2.078581570271853,0.08511170731921047,0.0052276397560809765,False
2.0680020845699225,2.075949694545705,2.07759366734512,0.08544234175609111,0.0019251529807515018,False
2.084985438238092,2.0752935282757035,2.076969156943408,0.08741534137817192,-0.002534641331846234,False
2.2592398769818134,2.070956149155929,2.0728395276440112,0.09093511529314402,-0.007742280407047244,False
2.2398565799057195,2.059814681665273,2.0623034106383615,0.10056867608572936,-0.009576139076750277,False
2.1257388086138596,2.049871039825427,2.052340609343691,0.0967991880243057,-0.008723190094402433,False
2.0951237728222023,2.043728485502414,2.046191215465936,0.09599201396472387,-0.008688895274524521,False
2.0223682623679524,2.040111267596086,2.0426216823406222,0.0964878388442373,-0.008652242999998562,False
1.9952609193377933,2.0454958194279493,2.0478676935917983,0.09168407677174568,-0.010276523282661224,False
1.9718164052718479,2.0460178144907335,2.0483912948772245,0.09160056611802105,-0.009794598220761537,False
1.9408224810170478,2.045915059640451,2.0482875948890995,0.09169030976679007,-0.00834996771927874,False
1.8661021585431667,2.0466974816434833,2.049086270338411,0.09219822503972473,-0.006732220242410957,False
1.9817369327820296,2.0361771547301903,2.037888489486211,0.07946139069579679,-0.000764057411926922,False
2.002407275531029,2.0285292895381613,2.029695812358867,0.06595777291710425,0.0056644105329815364,False
1.9885178621193602,2.0297364805223532,2.0309654731475106,0.06455800659903442,0.009572739089411256,False
2.035698452572401,2.032107426521513,2.033431962454122,0.06406617692631936,0.012137157180722192,False
2.0586077211775042,2.0369516853033716,2.0383362739868525,0.06393589843526418,0.014591739578652955,False
2.0663580069654013,2.048292803503088,2.049909676325739,0.06645856150055013,0.014988057400191922,False
2.0975041902866005,2.0576503342090273,2.059231254693388,0.06476223342642483,0.014660624360216838,False
2.09091464636913,2.0692730027771793,2.0706785882877594,0.06120187535915152,0.013383729879793175,False
2.117490736833256,2.0859292369954625,2.0866991080322568,0.04596107239029929,0.008881412890514079,False
2.1450538643609343,2.091829313008744,2.0924280008873652,0.05851145324592102,0.005240753876616087,False
2.133058908808762,2.0926943635084703,2.093258531267478,0.08128223934994158,0.0015073871758230506,False
2.099876402877681,2.092948231485102,2.0934999288081135,0.11671892471604614,-0.00306553095668141,False
2.1767188105332633,2.0884770642051462,2.089224238008718,0.16080828726859167,-0.0081480348754477,False
2.1215368965668677,2.0774420801303535,2.0787911977446702,0.20232416823727792,-0.012768140060754943,False
2.1267851781074785,2.064585396859549,2.066611848378172,0.2527578568730779,-0.016009041908558286,False
2.1326019060357004,2.05208680949887,2.0544956286421905,0.31842917379439195,-0.018142206036441035,False
2.076138148994527,1.9214046441007993,1.9868837496088718,0.3183832064938319,-0.020920454847956592,False
2.0162480835266585,1.7890614730487207,1.9150643842111141,0.3182854193334865,-0.02350674278674659,False
1.992579749745469,1.6549956065261624,1.8384485553343024,0.3180071616428287,-0.025521421526637705,False
1.964159776093112,1.5216794247256147,1.7594095092765518,0.31784701323718145,-0.028111752886716065,False
1.8820479759808133,1.3904371495457595,1.6792645010904625,0.3178422939940014,-0.03267416039399306,False
1.8606510746325347,1.2543922238874305,1.5886465043755065,0.3170757969148378,-0.033281228869967996,False
1.8975267925157282,1.1217961678520012,1.497494671324778,0.3168841096314137,-0.03621924483395787,False
