ppm,mean,rms,std,slope,label
2.0,1.0582845984048033,1.4980821084284521,0.44049922123269614,0.033434706515859385,False
2.0089690460443705,1.1969185425861428,1.5974229030728941,0.44131183212075287,0.028014554505909724,False
2.0798506183192416,1.334147246703853,1.6891025448453538,0.4418719733559135,0.026024577303277143,False
2.10298139301902,1.474455755832025,1.7799019778469192,0.44317603726818905,0.021079711097417367,False
2.084273300158123,1.6102209970845978,1.8609046892469487,0.4434620973670974,0.015993846565756156,False
2.1382557634758523,1.7433277613003657,1.9355735153543396,0.44351426992728227,0.009148541499249135,False
2.2698263927201516,1.8694530998245436,2.000241597814267,0.4439299864228852,0.0026270575631277622,False
2.248397060740094,1.9909701330851948,2.058452982116933,0.44540839006622807,-0.0022954633989218255,False
2.218143106901434,2.111067861346631,2.113765386442644,0.44715118000961784,-0.00546376806056662,False
2.195659265883364,2.1066911666411254,2.1096928253671714,0.38175718325633395,-0.0087335794670553,False
2.24493614605075,2.1090444732353104,2.1119535663559645,0.32331843416935324,-0.011426357375135922,False
2.172243860041162,2.1085405737849916,2.1114582302076315,0.264195243800643,-0.013993715155824222,False
2.129708227452288,2.10249769187353,2.1055697528745623,0.2125696846098243,-0.016745515739737912,False
2.0180054163868464,2.0948351206729248,2.0981948524983927,0.1773926384957824,-0.01783356835518324,False
1.944272532170421,2.089313276568185,2.0926765782805226,0.14741063746169392,-0.016467957563276438,False
1.9215636521829798,2.0793251857761605,2.08219811459461,0.1093668522033252,-0.012421302370690515,False
1.9299728847119075,2.069750581583283,2.0721874271644736,0.0889606026614205,-0.009219984836432818,False
2.0466219515513284,2.0595148434440445,2.0616082059080476,0.08490438456598606,-0.00504694577117411,False
2.071788227114143,2.054393112596012,2.056248272244816,0.08247684856606995,-0.002616980093615722,False
2.0062952824356337,2.041400554021849,2.042675435211624,0.07564025424061434,0.0016409373460907256,False
1.9616721609484418,2.0340739847329,2.0350802444109073,0.0740135021208835,0.007272728889899257,False
2.0499062578000147,2.0374125629020616,2.038614807571145,0.0787247693551419,0.011642554360846295,False
2.110016940047764,2.046785849213517,2.0482155049409436,0.07959477676216051,0.012048014105331102,False
2.0952033936540517,2.0562841115159234,2.0575627930793665,0.07103519186582805,0.010834964124084976,False
2.054371296673614,2.0678382671181037,2.0688413942410055,0.05991228716624925,0.007857556581948522,False
2.1137115723148505,2.076106530411376,2.0768036954152906,0.04867790566005407,0.002897521406606977,False
2.0370552088641416,2.0712725573249444,2.0721247151558266,0.052606956293635834,0.001329396374389832,False
2.055018751417972,2.0677825922837787,2.068679476353158,0.052652899643967105,0.0016597801992276932,False
2.183125478158876,2.0724282954140607,2.0732634664590353,0.053220079219311704,-7.910521400203469e-05,False
2.167977997370132,2.0779411698746437,2.0785900448676946,0.05023192729012264,-0.003499652072365134,False
2.096244729008916,2.0760571718261636,2.0767448873231653,0.05015416467512484,-0.006305614104697345,False
2.106430141817871,2.066625114460889,2.0674837713222107,0.050101310885302563,-0.007619163242524898,False
2.062265097404269,2.0579400450353114,2.058956545851894,0.05201153045190787,-0.009415493810639998,False
1.969278382168424,2.050108328833379,2.051366599178986,0.0570204106566858,-0.012686142053170316,False
2.015948786455487,2.035441499352707,2.0370429264044656,0.06712124028080244,-0.011636246779368453,False
2.080626532520147,2.0337953041333514,2.0354067068428567,0.06677802687478805,-0.011507563599884186,False
2.0498781523177705,2.0326752722669945,2.0342805020025856,0.06670266715324837,-0.010418437743245657,False
2.0197622890243285,2.0253472556198515,2.026613036171948,0.06114034165100339,-0.00568450497679431,False
1.9591040222033695,2.0216611060448333,2.022719659076315,0.05966546500184128,-0.000516512391884191,False
1.9562422828448103,2.024327800266148,2.025509488191438,0.06506872043825122,0.00224579334098397,False
1.9290638374426972,2.0235064453962597,2.0246578050190545,0.06596667834168804,0.005286295355069176,False
1.8790423006240973,2.025592898789305,2.026799082308958,0.06766169838399037,0.0067811692709332854,False
2.010716085354459,2.0315854542714913,2.0327545625376855,0.06513376258693503,0.006541966731971291,False
2.0370982415562606,2.0356944799234924,2.0368918546501305,0.06607435193009738,0.007218447067664694,False
2.0658772118045827,2.036276613547974,2.0374877312371957,0.06665091232063504,0.008425569807026035,False
2.108999604169841,2.0365023511708156,2.037715029022489,0.0666279040162593,0.00729972642940988,False
2.138911836549953,2.033123991717135,2.0344085593751977,0.06912166500352615,0.005988761451147308,False
2.093288463899657,2.034406645361834,2.0356498258526368,0.06877109941770959,0.003257723620795106,False
2.0956483516929967,2.035293148882304,2.036504657262293,0.06803058176223817,-0.0017011775848096166,False
2.0651592698834076,2.0310666623817575,2.032567515613184,0.07496678325828565,-0.006022466521449444,False
2.081693196887496,2.033169253064763,2.0345277470203658,0.0700602718598619,-0.01001451534402798,False
2.0899406705118615,2.03148085495223,2.0328696431202964,0.07009230058183058,-0.00833604039925603,False
2.05348995428323,2.0377777052757997,2.0393253778019274,0.07832186048589787,-0.007252870781044443,False
1.9657085377654377,2.039516555758271,2.0410979587800107,0.08278793721791508,-0.00658296130867957,False
1.9796264805185524,2.035661660672816,2.0371692851540746,0.08283338050132896,-0.006360723830639733,False
1.9704263391723316,2.0253332851731836,2.0267171812084563,0.0785067433773269,-0.004823999617595389,False
1.8614400534339564,2.0188857354708087,2.0202114998522767,0.07739062364261949,-0.003661948594968755,False
1.912683751552186,2.0131419390647416,2.0143754387770385,0.07687008782042962,-0.003193867000991452,False
1.9837017155539247,2.006226215180112,2.007463449620233,0.07639758639755749,-0.0031244046250525313,False
2.137847846733373,1.9980476242277496,1.9992321268100177,0.07543301387192149,-0.004593259746211742,False
2.0936988195241275,1.9823944848450634,1.9837895967051833,0.0781077685867602,-0.0037246091575396374,False
2.047321282802564,1.9739982051523954,1.9753647187782977,0.07802227902767402,-0.003910298457175456,False
1.973657828555825,1.9689561904008142,1.9704441783285054,0.0762956031413532,-0.0053221095874078795,False
1.9901276686616718,1.9639921275805505,1.9655509533471098,0.07515459187801009,-0.007651288525353608,False
2.0037476091959223,1.955188584432737,1.957022514321702,0.07783570912040778,-0.0099994815483853,False
1.954507687729329,1.9526106426880225,1.954596143980183,0.07340141640805775,-0.014183651420196959,False
1.9508357416496993,1.9474671937459922,1.94966504423139,0.07515174204298453,-0.016675765215289278,False
1.839490440388883,1.9394328885482526,1.9417392347197076,0.07956137651022803,-0.016469886844302017,False
1.9191494792005452,1.9249213892813497,1.926570486253801,0.07365870459541113,-0.010701968160511138,False
1.8850363017401335,1.919450137105008,1.920740087483049,0.06821288124863852,-0.004741258966833909,False
1.9002014753943348,1.9195674084025618,1.9208651404385455,0.06609720413200862,0.0012927472805214495,False
1.8295696488073179,1.927435534906428,1.929189307799453,0.06806790740546882,0.0069823292425722225,False
1.8201929855185257,1.9387639256976748,1.9413692570566232,0.07495355880239883,0.012716778718671443,False
1.8303885684796952,1.9497707692488508,1.9531929947716051,0.08028199166209253,0.017714468504428527,False
1.8551528323900912,1.9620312955392296,1.966035246043125,0.08276663526917372,0.02200989013472757,False
1.9056638584629282,1.9768928995920225,1.9816189244688471,0.08679729899733571,0.026358099843425256,False
2.006158784702662,2.0009690441100876,2.0061564766826017,0.08877129233873692,0.0276810163575999,False
2.0491976235634244,2.020391976038441,2.026141859021806,0.09314988324282247,0.02741663994284628,False
2.099547852617685,2.0343366619124263,2.0398369001672605,0.09291620483888777,0.02462848216039373,False
2.1713819213216206,2.043164130649008,2.04834794524446,0.09622760370299557,0.021346262488965935,False
2.1798571060147394,2.054986876514855,2.0594239038885527,0.09844143589055958,0.017077570376877658,False
2.150676108375389,2.0701436153265647,2.0736631411458544,0.09618685771568007,0.011821112636704443,False
2.188621406494384,2.0839952610706947,2.0865896818573115,0.09415207579666433,0.007405874002846525,False
2.224708752677926,2.1000747580047476,2.101821389305253,0.09040848691374986,0.00406231674676716,False
2.229916390054199,2.1168754708232744,2.1180657209326146,0.089749921848056,0.0019479465303448701,False
2.108151275723903,2.1302564344134884,2.1313741756162914,0.09405584587491443,0.0020497979336522474,False
2.0414409751796385,2.143403364546586,2.144621799014133,0.10211107565008076,0.0004966114636477383,False
2.0187335826608637,2.1470814109804506,2.1482699034804327,0.10175582650558204,-0.00011161859812250206,False
2.0627008065058883,2.1465947431599077,2.1477788257440467,0.09747654807527929,-0.00048815500383877727,False
2.0520149003857715,2.1417664370531537,2.1429598340143006,0.09255426907263356,-0.0027510211001612397,False
2.1124247833349394,2.1316160301033866,2.1331349856359845,0.0979568265950002,-0.00549170859334712,False
2.1744752635593554,2.118125997802419,2.119935710240179,0.10430724254603081,-0.005320779474636453,False
2.2202542021460845,2.1076034491453424,2.109284188496094,0.10226722509120913,-0.003653286277884601,False
2.259548505692989,2.0979549434323985,2.099413862101006,0.09999590040219068,0.0006464062581114137,False
2.1583965955595175,2.1027753522088046,2.104337104091734,0.10042561346464877,0.002033083194323422,False
2.1635952361929363,2.110692788287609,2.112241363391375,0.09762634234849348,0.004186524829508396,False
2.102604208306671,2.1276325721706812,2.1294479798494934,0.10081467071515364,0.004587001651509154,False
1.9882695971791184,2.139773514239222,2.1417267333782606,0.10380712058312891,0.004644160346780184,False
1.9727808896789005,2.1502576651795726,2.1521569057801386,0.10358734241388462,0.0019291266775255584,False
2.0563479741647006,2.150108223273725,2.1520103008238856,0.10384295499995577,0.0013873768171378752,False
2.075540298647103,2.149213670572062,2.151109195973383,0.10289127733420737,0.0010355821497189657,False
2.1852778161463915,2.1420734422845817,2.1439170354848365,0.09982034403153019,0.0007883944306373622,False
2.1681199524405192,2.12905704247564,2.130790629834446,0.09540557733515974,0.0031786188817137526,False
2.289770124790016,2.126686444394619,2.1284090871586296,0.09501158504327775,0.004686737297826341,False
2.2569558796025366,2.1272048879107768,2.128937046199791,0.09409760104534415,0.007102724062292385,False
2.21976131543138,2.1341689914301343,2.135985588252157,0.09464821881750994,0.006994099402038048,False
2.1100337128413833,2.1449142614114787,2.1463948363913015,0.08676672078532421,0.0036911062998102578,False
2.160162420332742,2.154934598145936,2.155957598306461,0.07514175974912855,-0.0007704473209551978,False
2.106010549546402,2.158259666757763,2.1591676774172766,0.07349482857356605,-0.003125419033693137,False
2.051286108749918,2.1622926357173937,2.16310112473259,0.07220650020582527,-0.0038464672881444823,False
2.1204670262631846,2.163979741696411,2.1648153749416172,0.07140564340519286,-0.0026731749135457043,False
2.1718903324514645,2.1661297183158137,2.166984628553386,0.07104758213701562,-0.00019286858945434388,False
2.2140298646163856,2.166183779686423,2.1670417631811847,0.05938223278957753,0.0048713288852701995,False
2.160193916880629,2.1689285063233763,2.1699262645543396,0.05134383021561482,0.008023322674165057,False
2.1331062774302194,2.1702967251262804,2.1713323523369925,0.04676779456954294,0.010656566662061757,False
2.109549071953935,2.179365091711438,2.1804286429727155,0.04600536112015501,0.012039280144696183,False
2.1400678020011887,2.1893058690778826,2.1906157945568636,0.04727943860949113,0.015427136039675226,False
2.2122715118106644,2.2071320827604177,2.2088382307941563,0.05243863720298513,0.01729978972395805,False
2.202519578350969,2.229161635580601,2.2309435179630173,0.052360514777295634,0.01607819002984281,False
2.2906351067197654,2.2431784200648646,2.244926894783858,0.05288280779644231,0.014394539680819244,False
2.300871505793784,2.2499367521657945,2.251618146150783,0.052910941962952096,0.013308286690426045,False
2.2416528162778513,2.2535964024629003,2.2552613406928987,0.0515702190110753,0.014072446658492959,False
2.255127578203912,2.2643427263254123,2.26593904095457,0.05350005520577746,0.01289302402008848,False
2.319214858195852,2.2752948953117467,2.2766473636122595,0.05353996150570243,0.010380832513200036,False
2.3912299684669542,2.2865331874609987,2.2874788443081098,0.05101987608823157,0.006175421781467275,False
2.4037589538728557,2.29334403456403,2.2940037084862004,0.04951284209007461,0.0011830967112221125,False
2.3447355780114076,2.2920777956098863,2.292787853159352,0.050436120744183015,-0.003099299652405995,False
2.2800236460663412,2.2890129385169553,2.2898745855777816,0.052409435334005036,-0.007744812484440179,False
2.2725842693700735,2.2795098158625446,2.280665296435814,0.05409312092935641,-0.008676207633834724,False
2.3321350986808254,2.2745105575245717,2.2757040171317637,0.052697178334376864,-0.010142512916950907,False
2.3083409812115683,2.270242758995732,2.271560334676412,0.05314008758185418,-0.013050613766264011,False
2.289361746341962,2.263704757757903,2.265211298674511,0.05417622100962228,-0.016898907340723586,False
2.2490413556496933,2.248505014434066,2.2504168062120455,0.059745354446454416,-0.018275009035264776,False
2.1920116885443663,2.2307790154205493,2.232628338576258,0.056578610019381366,-0.016252566388950465,False
2.1534818648640766,2.216386120637006,2.2178254407237743,0.04938830101395985,-0.012019069818519154,False
2.1385851442491965,2.2101477477921154,2.2113610498371816,0.05121040114946152,-0.009179357572870165,False
2.2208833723862065,2.206420347544277,2.2075649180787127,0.05276058484379196,-0.007434815146197105,False
2.1733680398164275,2.203245625257556,2.204330846642717,0.054499883040572045,-0.006544611118943802,False
2.150519558398646,2.1936938932484393,2.194534664084227,0.05284126261703429,-0.004018342265603992,False
2.076018965014459,2.18592835688124,2.1865718001184886,0.05241138369555392,-0.0018261713629575801,False
2.1076139842506794,2.178800525771485,2.1792826262191314,0.05206205994355073,-0.0001737098074266767,False
2.1734726373361744,2.172767618826697,2.1731816734853524,0.05232705319630729,0.0006382305334763394,False
2.2449216124931537,2.1693858157545334,2.1698100533732956,0.05212285571661243,0.0005906385240686062,False
2.220385242100923,2.1688139961058353,2.169243668396039,0.0498883259190542,-0.000960585701934464,False
2.221788712782539,2.1667170303291003,2.1671915857642947,0.04773229592086614,-0.0033158815036102053,False
2.1793073865349557,2.157582371462684,2.1581196485161707,0.050056063634060226,-0.0019103941266271035,False
2.1840923993363837,2.1571194456469884,2.1576541960590574,0.05039008428628115,0.00128233131266196,False
2.175316448585879,2.166693213802154,2.1675136201853022,0.06696517388732758,0.0013414682819049492,False
2.152514844533086,2.173559706903566,2.1742538060521652,0.06345552090515376,-0.0023579100438547254,False
2.137902839389751,2.171985842524082,2.1727367647201667,0.06126332888054871,-0.0067445676794210116,False
2.1443327504849075,2.161933687777046,2.1630315798040693,0.06509769045509714,-0.009604363874404697,False
2.1050336918214376,2.146910157763333,2.1482233645613786,0.06612672506739986,-0.0094335503437888,False
2.07472883052354,2.136736717200458,2.1380696180805696,0.06508329613116232,-0.008818733709404733,False
2.165961226765302,2.1281526626923983,2.1294076070109536,0.06381252525880006,-0.007885743118030024,False
2.3036998488812896,2.1220771468316117,2.123319691873757,0.0641502604551337,-0.0071666551074962654,False
2.1858828546370535,2.1169163966021807,2.118105176020258,0.06620466093989852,-0.007264169361418048,False
2.082432154178932,2.1087570664979363,2.109961251160172,0.06684684207329823,-0.007632658750337334,False
2.0126381613836033,2.100687684063063,2.101960843919059,0.06706382608626757,-0.008224270118116588,False
2.0045451322737495,2.093236778090972,2.0945808696009527,0.06723417068827377,-0.010728948644854852,False
2.0576101930949227,2.079267988181199,2.080981399577286,0.06803396783152106,-0.013693155370768314,False
2.0844438406535803,2.064142675120853,2.066510440265586,0.07123734406500536,-0.017751415011344956,False
2.0820991327623712,2.047989649260061,2.051246895605417,0.07571486357070444,-0.02033113305717487,False
2.1015203956654895,2.030722375565933,2.034105178194396,0.07551797582359308,-0.019831723389368006,False
2.044767166917964,2.0068007235998966,2.009110049460583,0.0605742563754408,-0.014742066948251566,False
2.023404725575112,1.9932751749860462,1.9950738604520997,0.061932126719397566,-0.013506651839037024,False
2.0186883438362977,1.9796027694689244,1.9815062325598627,0.061593867731294036,-0.015107921837130793,False
1.9208321119285419,1.9660071728109576,1.968399949280672,0.05983480518156829,-0.016161665664487773,False
1.8630286828559048,1.9573253051090422,1.9598464139505962,0.0555753250721169,-0.019907463600912483,False
1.8162804167508595,1.936166529489777,1.9393524801002773,0.06677331040183317,-0.019516008477774655,False
1.8896848476592571,1.9205567317717196,1.9235153238831681,0.0674352034852139,-0.019645118985838525,False
1.9209534174247136,1.8998058476602337,1.9027322440771186,0.07462722294282992,-0.017279229380167772,False
1.969474076815443,1.8833466312090972,1.8856154770822817,0.07344985279689153,-0.014456502942087635,False
1.8636736659049786,1.868619427970149,1.870504897713193,0.07533262884139653,-0.010373666437802666,False
1.7951086148561357,1.8609501545430085,1.86244290335544,0.07505841007796946,-0.0023425689975316586,False
1.8656352490431052,1.8665372301135355,1.8686225256949685,0.09263107068695897,0.0023847358225071707,False
1.7190697831866764,1.8687026395062984,1.8708671634550211,0.09305323959123615,0.0060574088552213,False
1.834687077164663,1.8775058150623345,1.8799428222194379,0.09374550215109795,0.006112798225911825,False
1.7500849869785964,1.8824137768387796,1.8847808609906371,0.08897149646615317,0.005870555731877233,False
1.8381729324473055,1.8853205219682594,1.8877287265618814,0.08870034015409466,0.00689803275503248,False
1.809131915094792,1.8860957786578512,1.8885200092740355,0.08854525427649704,0.008856909132408457,False
1.900696350740868,1.8849499510529588,1.887330251077997,0.08593086941976293,0.01088323674018144,False
2.1080815529647277,1.8874558802643284,1.889829733095878,0.08674388723754464,0.01193809213704361,False
1.955478662212751,1.898076324327298,1.9003659707195404,0.08516809437382436,0.009630932486208799,False
2.0038794917524774,1.8991853019874716,1.9014595435082167,0.08772952329830454,0.010466911676543726,False
1.8948078051739812,1.9152040838907367,1.9169582221435677,0.07935437912979994,0.007391840041282475,False
1.9361927697309342,1.922692999767725,1.92434555150134,0.07889085155104703,0.004773661776616394,False
1.9333575244581804,1.9306359275111138,1.9318169790106683,0.07706779190221082,0.002422787219728309,False
1.951140835137164,1.9402058858358033,1.9412791305594028,0.07623098627466227,0.0013702191295936973,False
1.9037685332868952,1.9514200078065937,1.952217308386781,0.07413129194723664,0.0015863807833475703,False
1.965035719863651,1.9641722574390297,1.9652558728512046,0.07635147689508417,0.004226688562807847,False
1.8833788916058805,1.9675611516843383,1.9689343641499102,0.060675866596479174,0.009384115799378132,False
1.9753702936389228,1.9759730815128558,1.9775574322686165,0.05978250546342245,0.010854551479368525,False
1.9545097311964734,1.9801968458091053,1.981904808556816,0.053758539299700994,0.013040607144715189,False
1.877171830872817,1.9910215479106323,1.9926973972611428,0.05356338714717295,0.014259146053157529,False
1.9912922656423364,2.004345798238564,2.006310076158271,0.05580560639564574,0.015842006735255473,False
1.9885578666274368,2.018087498055752,2.020256594642589,0.0576369242429451,0.016587126321837408,False
2.1047323448598427,2.029942356520242,2.032226933143529,0.05864645069832614,0.01656671714251247,False
2.1623038608896668,2.0426882612996704,2.0447679922443496,0.05756403612460489,0.014741347472519636,False
2.090069539469031,2.0504056623171176,2.052403228386178,0.05762520756710858,0.015089130533137292,False
2.0714597204924714,2.0672890153956303,2.0689406166644773,0.05782285639171229,0.012726558799710729,False
2.068003038798415,2.076997620841987,2.0785522772310014,0.06043982753366505,0.010937872512271228,False
2.149380774977839,2.08530338435381,2.0866122619500156,0.060561734582601584,0.007493248744228672,False
2.1532247215331903,2.0955064715080693,2.0961684748864133,0.05347049249194846,0.0013617001200391637,False
2.140818570568999,2.096121463174777,2.096754058739921,0.05390239534807016,-0.004209164742834935,False
2.107703009757751,2.0916388810543523,2.092575286971784,0.05899969374629906,-0.010296053844507689,False
2.08851413614281,2.0778611439566097,2.0794017530194617,0.06331593555286694,-0.011461533411425168,False
2.1535125408620877,2.067189057972292,2.0687149053731986,0.05580925730663768,-0.011297852986316791,False
2.130707980780623,2.0603360840514426,2.061961781324939,0.05492148523283134,-0.011395485639167006,False
2.087401947385639,2.0574713117293193,2.0591136873482037,0.05738893030080082,-0.01473721966274525,False
2.040421225340972,2.0452870260396474,2.0474203786338894,0.05999175175997865,-0.016626945881251357,False
2.0011321323096567,2.0313379136120995,2.03348949898593,0.05783760510127596,-0.016346759308545355,False
1.9168365527006421,2.017235403982173,2.0192894518097715,0.05601315862921498,-0.01579157510204296,False
1.884288551295957,2.002781773381784,2.0047411821948025,0.0549131884942658,-0.014433947061473124,False
1.991550485140583,1.991924335663402,1.993766496492046,0.05512472692271484,-0.013689021011937565,False
1.9804219567354457,1.9810257577854367,1.9827964188505065,0.05509604089758668,-0.015139089993120077,False
2.025623363338495,1.9589052153182909,1.9606215855599736,0.0570621573384951,-0.012772751387719765,False
1.8730544677636705,1.9435472889351215,1.944830158029908,0.0544978107129863,-0.009627095673137468,False
1.9261949761370727,1.9328856071318512,1.9338233260066753,0.05422013224745821,-0.00703715511254169,False
1.927584567454365,1.9247627952648185,1.9255078348019423,0.05426989059976309,-0.005923188198126612,False
1.9095604809627797,1.9163118293594545,1.917002901467509,0.05443626638410187,-0.006583066653527014,False
1.9339840062636307,1.9088744026396538,1.9097833663808976,0.055230596783789415,-0.007746137707415741,False
1.9141368900953644,1.9062060949855528,1.9071787281817687,0.049892859993379425,-0.007078704306549838,False
1.7995838613877584,1.9043693610467232,1.905273938823528,0.05173053645323711,-0.003885761513353513,False
1.8849811586499108,1.904344758713625,1.9052483684924673,0.05486245598362767,-0.002478098485164923,False
1.9168150385333158,1.8964969469505584,1.8971461025229457,0.052332752067367865,0.0006824131211036257,False
1.9104562354684473,1.8999658316204737,1.9006185005807814,0.049625468260721804,0.0008627142171406285,False
1.8659166778238339,1.900583180072854,1.9012456573601233,0.050471989114880635,0.0032653201431153654,False
1.7978377251838307,1.9049531624965403,1.9057511954430855,0.05649560988228579,0.006244945170651212,False
1.8415956288303397,1.912748297057807,1.9137999913005448,0.06686118112604011,0.004951901516771996,False
1.9621627421193102,1.9074987270916421,1.9086031975637552,0.06751558997898113,0.005426280695797401,False
1.9800283194058759,1.9069405955888037,1.9080446718367912,0.06749635704347305,0.004631627803443858,False
1.900058375129425,1.9106676669753324,1.9116147838248074,0.06300931949071972,0.0001861230188664883,False
1.9285566224823154,1.9050457650940542,1.9061957968650003,0.0675458314157142,-0.0019833408417917133,False
1.9360725513751644,1.898649057351011,1.8999248644899243,0.07005296756710842,-0.0022485810805951334,False
1.9975042862333436,1.8959302816335915,1.8972202177198918,0.07028594498152907,-0.004070854688922055,False
2.0342826339430458,1.891089762630481,1.8925526239019541,0.07398701622656266,-0.005125563408641993,False
1.8499908868049935,1.8951294487272046,1.8964550981722486,0.06917552228986232,-0.006371034861524114,False
1.9052067860499518,1.9005861049361576,1.9018717752204306,0.0680532897072313,-0.006708117220670197,False
1.859217003572214,1.899350019849046,1.900602508593934,0.06825607029415669,-0.005483943529997879,False
1.79503072854946,1.8942838846238708,1.895425642134214,0.06592908465279315,-0.004565855248833406,False
1.814467714644627,1.89149035818961,1.892656201982757,0.06617859073928255,-0.0034738700331650293,False
1.8669558239897337,1.8921189184875205,1.893298246067664,0.067095459300181,-0.003445105847300994,False
1.7884683737740643,1.8871861457748098,1.8883503787185667,0.06697440556577842,-0.001403057861992764,False
1.8624727027314076,1.8837448895992992,1.8847569553633126,0.06318055930121039,0.0019534150164056,False
1.9289021281735925,1.877925075588082,1.8786091694125182,0.05298336329239412,0.0063195558220398886,False
1.9423853807255236,1.883815688807799,1.8845484239294037,0.05273903221072287,0.004995611516882817,False
1.898970155803072,1.880372722882652,1.8811149093755883,0.05455342199035816,0.005157567870557144,False
1.8553619521812537,1.880659062268935,1.881398242858373,0.05436217205091909,0.0055289929428092455,False
1.9386135872488794,1.8885348792127508,1.8891602555009073,0.0486961454228863,0.002992984992922479,False
1.8571481879717933,1.89092456107445,1.8914782159483905,0.04676801020217631,0.0017642394105280284,False
1.942444187425175,1.8932845335002262,1.8938296864962354,0.04643566539510365,0.0018570936770349621,False
1.9411656097635726,1.901777060802008,1.9021361893301103,0.039372729671356875,-0.00045691800233179617,False
1.9442406983204652,1.9039394638926856,1.904271969024035,0.04038237820099979,-9.643487506850998e-05,False
1.8501193312475959,1.9061200099158606,1.9064993910923203,0.03865608306496018,-0.001003318462011894,False
1.8637984337527413,1.8995388504157664,1.899964899359677,0.045041624215976274,-0.000500723771148536,False
1.9210437996505128,1.8984985062618267,1.8989293748989124,0.04859912484690771,0.0014427116151817894,False
1.8527026244318168,1.9073597630894628,1.9078969569523465,0.04886640326168764,0.003886040371226564,False
1.904715382802155,1.916444372671155,1.9174499669060188,0.05502166443510624,0.007817128304784258,False
1.9243488106025732,1.9312951510919725,1.9326932757091964,0.06039192001467207,0.008934845667904649,False
1.8970711521822488,1.9387952456111046,1.9404484921440028,0.06095303581173562,0.010499245424408653,False
1.9637908645443898,1.9434055632120526,1.945142465495043,0.060168008279457286,0.011457481176899986,False
1.8370868287240179,1.946547740819373,1.9483211959851479,0.05948094673797397,0.013008694129620505,False
1.8823246493400378,1.9576631978605872,1.959352490182398,0.05791445485630284,0.011246536375107346,False
1.9971420614234296,1.9646343594381288,1.9661702404276,0.058486979981726826,0.01044284245557593,False
2.083967340555955,1.9710992404116858,1.972646133582661,0.05826317786783567,0.012945676982059263,False
2.094760642704873,1.9896052790111662,1.9913273754797671,0.06342647402549074,0.012872312825624383,False
2.0624456997312914,2.0032334651868027,2.0050615919135737,0.0672282583285928,0.011341649523703468,False
2.0149306913787397,2.009442146972485,2.0111648589458357,0.06722048039488508,0.00830075527225419,False
1.9945155400375902,2.0120908172434993,2.0136895910371746,0.06974026803884512,0.00571283068085525,False
2.027966643907026,2.014049283718437,2.015613845866911,0.06986836224155159,0.004300377843439219,False
1.9753370189934072,2.0237483949347026,2.0248063015301065,0.06455179452282676,0.001077468227264269,False
2.024481895227419,2.0339807025209797,2.0347080405284754,0.06219717785950122,-0.0024229136460511137,False
2.1487992420235056,2.034604153692193,2.0353214169677427,0.061735496723329536,-0.0027401517827207937,False
2.122766361612336,2.032849138719371,2.0335357788436776,0.055593798832246084,-0.0016367174973793788,False
2.023687719173487,2.029301978890016,2.029928121810033,0.049386343367801615,-0.0011560976106083664,False
1.9394498765184793,2.0246713057380905,2.025302507280961,0.04724223998350478,-0.0015650217393852629,False
1.995126328143402,2.021615748850498,2.022297247721194,0.04786245406827099,-0.004094209065796545,False
1.9922726081842652,2.0156655433903543,2.0165607064374864,0.054161715028646966,-0.004153788643330538,False
2.0460415707204684,2.0160286899142204,2.0169263969784623,0.05464532762402594,-0.0037844397156711167,False
2.0071172801628374,2.019003096929135,2.0198724110582327,0.053650847721659956,-0.0038728696763905917,False
2.0558871009908017,2.0211079314066818,2.021998476950349,0.0560722630915423,-0.003882884494434641,False
2.038006085435198,2.0128844295218187,2.0135090134607276,0.04869495156653577,-0.0024210326562597822,False
1.9883549293004812,2.0021817857189887,2.0026514594775553,0.04444902092429645,-0.0011824951823131982,False
1.966041781177266,1.997248967082953,1.997758049002283,0.046322266608163715,-0.00023524881255403466,False
1.899312252675282,2.0022283360411812,2.00268529759903,0.04127062334101024,-0.0018038545022633068,False
2.0337769882888863,2.0015959346190133,2.002056782079272,0.04150946721883945,-0.003236025872419732,False
2.0229275312320443,1.998017946683537,1.998544354253802,0.04705430200373488,-0.004209836646665085,False
2.0581592468681693,1.9922715319945263,1.9927852543000124,0.04962576604485409,-0.0031819158992860276,False
2.017223211865696,1.9912595426959059,1.991769839438235,0.04999365680190904,-0.0009180782800821549,False
1.951524060767052,1.993445194122004,1.9940437386373122,0.05367249566203001,0.0023652675372953843,False
1.9447626209969182,1.9972231840285206,1.9979584419508822,0.058745908390573885,0.005617916820404669,False
2.0191197798501324,2.0055963382010167,2.006553586595905,0.06615162651977788,0.008055080619718897,False
1.9850079053887155,2.0169145456815984,2.0181206759259416,0.075135769562665,0.007821647338046335,False
1.9350248012166433,2.0267001681906827,2.027687131336869,0.07257273484905001,0.004598350729483158,False
1.9540989356962954,2.0239453537144625,2.0249521401891037,0.07212768850109744,0.002874771644239658,False
1.9909254513849157,2.0179005821244984,2.019049164467011,0.07341465210118783,-0.00017469640349999964,False
2.0908575238083693,2.005350051856627,2.006842744623299,0.07912764976409521,-0.00068577711247981,False
2.0984539239394637,1.999678334907966,2.001262166098576,0.08047137980254071,-0.0012196216784868773,False
2.1223253960604183,1.9998897926777677,2.001468536534858,0.08002490793979053,-0.0028238272369516064,False
2.147133100866575,2.001244693934634,2.0027919506270817,0.07895571086298664,-0.007565295332161889,False
2.055882212820631,1.9885442010700403,1.990595088180214,0.08510204135500347,-0.007391077701940211,False
1.9896999566693634,1.9874095645726986,1.9894684914953946,0.08545685750319842,-0.008795820462515395,False
1.9262111857926199,1.9863560984321178,1.9884480554163286,0.08239783437182911,-0.008484735928574346,False
1.8573507625822283,1.9925719591310107,1.994702151557699,0.09057261483428948,-0.009905905939515664,False
1.9264757406871182,1.9905494504199357,1.9926988718709213,0.09240634462505834,-0.011359572679942804,False
1.9549073850838758,1.9796231330377358,1.9816831731455071,0.09030135082026661,-0.01276993986383478,False
1.9664410411067814,1.960748513784558,1.9630469126054768,0.08976726584689822,-0.012266500482810635,False
1.8159118940166281,1.9436480835346495,1.945673822026633,0.08495104507780389,-0.011475038620162619,False
1.966853721431251,1.9222857226057342,1.9238535715133769,0.07951623053013042,-0.01004922149246568,False
1.9181693429673499,1.9044277729205346,1.906013479560317,0.08372061415352113,-0.010651033666428063,False
2.053552706878585,1.8877140826379717,1.8896683533597658,0.09371042176677676,-0.010163742088314378,False
1.9585653120077182,1.8804871384690816,1.8825092041866098,0.09453537201057337,-0.00924378532017068,False
1.9160364456931682,1.8820077712027468,1.884018736044001,0.08828456282790907,-0.007253863614009822,False
1.7964600158886153,1.8871124615871437,1.889341591128,0.09221895201870622,-0.004939420691258767,False
1.8487185120618848,1.8877923607411184,1.8900469105094377,0.09379996125770484,-0.0017360926191059614,False
1.8053353260039282,1.8888927374268294,1.891196538950618,0.09581254721298336,0.00018028899413799474,False
1.7701550178574377,1.8947157375521848,1.8969225014742015,0.09036813731625873,-0.0012099857280756434,False
1.7222809121483582,1.8907008531036598,1.8928231572220122,0.09002672759067329,0.00019284821591824348,False
1.8105800790903763,1.888696051413185,1.8908074238034398,0.09137022794906034,0.0016011399045945764,False
1.8816808863208727,1.8810393594821182,1.8827224627995176,0.08188825229236879,0.007363572980746064,False
2.008150786837469,1.883779658667222,1.8856028557521856,0.07983474871972976,0.012314917691474237,False
1.9657857715474703,1.8928719174097652,1.8951683393762757,0.08162155973389387,0.014903340677324543,False
1.9840470680781577,1.905700476504522,1.9079801289268667,0.07847342623053909,0.015813665272441556,False
1.909079896022317,1.9189910377176167,1.9215502620952194,0.07957197820909104,0.016995110295007634,False
1.9026155702548504,1.9342524085626351,1.9367978068499634,0.07779540298629489,0.016199901779721852,False
1.8860925159197521,1.9500310859991554,1.9521861133826308,0.07130710878082669,0.01319605736728052,False
1.9310456359815145,1.965932972059031,1.967193831482888,0.0595071266907854,0.00803965042824162,False
2.0024100989693787,1.9744347344958024,1.9752960014810894,0.0623065485278873,0.006488012727015194,False
2.061512585573862,1.9855269207969155,1.9863299798670986,0.06232761275711208,0.0060831926835753095,False
2.001716961404726,1.989312942435669,1.9902115307027306,0.05402089589308129,0.00801299025053804,False
2.061367491471397,1.9957572550857625,1.9967330016355553,0.0508589329205505,0.00834822569603513,False
2.0495172595242197,1.9994309224774027,2.0004339707096466,0.047567147806833326,0.011649124209807208,False
2.0226138568417658,2.016560966543447,2.017879166653286,0.05491195504276081,0.013804910546736174,False
1.976711089106366,2.0372716896680165,2.0389969015736455,0.06689131577342732,0.013485254335788266,False
1.946608278078718,2.0541174913182094,2.055625048979731,0.0677565151442042,0.011401375335307253,False
2.059155867138684,2.065668678925123,2.0669641897702227,0.06787931974931372,0.009153111562117558,False
2.0687271330575228,2.07086993957929,2.072101330850716,0.06755516600173138,0.008019940337184287,False
2.068894773948967,2.0721215309632743,2.073352196755135,0.06491845623124815,0.006931769840113541,False
2.042825746344405,2.073716332188109,2.074901131950179,0.06559607263674888,0.0050447502770150825,False
2.183160601079026,2.072973220549488,2.0741648657852347,0.06369980671384302,0.005919306899764651,False
2.2339871402479576,2.077952225415963,2.0791742714614942,0.06388823299073532,0.004440860996464234,False
2.1556253423228364,2.078475512503314,2.0796843144586665,0.06463528935868568,0.0009960082575052888,False
2.1158646376921335,2.0773466743390383,2.0786159968548237,0.06781353851092554,-0.003751433824519895,False
2.085630269436059,2.076675076545895,2.0779886918438604,0.06842511350590869,-0.009388027986076429,False
2.081538047717606,2.0679325581480823,2.0696027380570143,0.07515698682691069,-0.009886401707940924,False
2.027233781002079,2.0668428741658866,2.068517820641421,0.0751933885446535,-0.009126748788966951,False
2.049477705253469,2.069018257927947,2.070710740595279,0.0892183380831318,-0.007643153176402184,False
2.1291813373878075,2.075391968665655,2.07714557001266,0.1264763819687718,-0.007657580277816597,False
2.0309864502393866,2.0706458316491387,2.072238155571152,0.16708494215475625,-0.005386419868677589,False
1.9586496784779546,2.060644150576475,2.0618157671331874,0.21288009042479275,-0.003651856713939798,False
1.935862713388423,2.0494028092935865,2.0505223484171635,0.2567031716033601,-0.002021985401279842,False
1.9192755727736897,2.0438052515134526,2.044860844820259,0.3180267952255642,-0.0004518762408435596,False
2.051292189342392,2.041692199206013,2.0427220131024417,0.38933967647585915,0.0004915854575770073,False
2.103700914141924,1.9115960712236626,1.9753260952453622,0.38932481855665846,0.0017353780131033516,False
2.144805118147731,1.7848939599110325,1.9092035989857237,0.38919886861069664,0.0017467720061327308,False
2.107222408814767,1.6568016033326909,1.8391671901595437,0.3891682088158279,0.0025526532356112148,False
2.0739602430853434,1.523727769745953,1.760453813762752,0.38893580928117094,0.007341599686996162,False
1.9757638817966179,1.3967911166059912,1.6856426097562376,0.38880941292982685,0.009508593624628681,False
2.026303713209994,1.274375511701119,1.6129543461109517,0.3879723960047552,0.007808358757454278,False
2.051821432517022,1.1533840921143428,1.5386354164714373,0.38693264333154415,0.0021416511803857416,False
