ppm,mean,rms,std,slope,label
2.0,1.0071609375738708,1.4251956550894094,0.4646771577619795,-0.011252678774782499,False
2.140159757236836,1.1371250033974623,1.5170475239003267,0.46472195077300454,-0.007298193465429183,False
2.068862897979111,1.2644869449636948,1.6003031638800316,0.46473515566095225,-0.006415666011776812,False
2.063754114529789,1.3896403607050951,1.6767779387480846,0.4648562029807162,-0.003437683981068337,False
1.9810430522794644,1.5184046486328615,1.7541003749503592,0.46489561573397215,0.0017663277722830566,False
1.9863832153593055,1.6534077491840198,1.835342344069849,0.4661175091793422,0.0062320621025379955,False
1.980400863749889,1.7911345229075204,1.9162411505706576,0.46836170974819824,0.00641361125669057,False
1.8939711000475405,1.9224478551111461,1.9869250631493565,0.468821520488529,0.006342491911842947,False
2.079425053177464,2.053616346269833,2.055031380718216,0.469283760597344,0.003665660603892858,False
2.037791065059723,2.051804416945773,2.0532800071705726,0.3984945879640909,0.002211763195669005,False
2.0024546518624025,2.044885686247979,2.0462429746187834,0.30970898996043067,0.0017670210895975554,False
2.0602286068442615,2.0360148656148773,2.0375633367213637,0.2369078984240095,-0.0004578536161894809,False
2.1600496088185306,2.025136372410234,2.0269821772180485,0.17011916853904896,-0.002035642454726342,False
2.203628379576009,2.0204493941130988,2.0224831320495844,0.12870418151990767,-0.004251557213192352,False
2.1010133152580126,2.017978198357203,2.0200787719338473,0.10011900906153552,-0.006416494232478641,False
2.0986958585389903,2.015400731458554,2.017576690696747,0.09063553538063092,-0.006631560785370122,False
1.9710091308150421,2.0244920505161916,2.026419385830859,0.09037941432811317,-0.008162957880056752,False
2.029460066072127,2.0243349690148387,2.0262582865089236,0.09062219915240056,-0.005519554209976603,False
1.9269297678494803,2.0284766819502504,2.0304868863034686,0.0912739457102277,-0.005607331695025683,False
1.8896982232555042,2.029241119152805,2.0312429315428435,0.0913299632676631,-0.004461894686254972,False
1.9060513995253,2.0326296358431954,2.034722044336564,0.09196382051098194,-0.0035979031311943357,False
1.9468440832649656,2.025694924926426,2.027536584614709,0.08584426119824382,0.0013950851819937561,False
1.9391613933715017,2.0220920665158575,2.0236683446870587,0.07389332925009989,0.00933354004896839,False
2.0394322049697493,2.031117293791695,2.033337426568959,0.08007556539871237,0.014787315118324294,False
2.0769117491558235,2.039909040186916,2.042694350767847,0.08467750018551204,0.02036099736850206,False
2.1040584720263027,2.0583072205480955,2.0616842780292637,0.09441622105964916,0.018302027133997506,False
2.0146856471032772,2.059003330688676,2.0623712737637914,0.09489972649960685,0.01701303524847888,False
2.11444487389051,2.06499572076957,2.0681014579374652,0.09192730923988471,0.014708232748042192,False
2.049094234150223,2.0772343784515623,2.0798305064466596,0.0854243734238897,0.01202959189889511,False
2.145982645006915,2.0911161566275513,2.0932503341052864,0.08198039054036767,0.00731530873760416,False
2.245416951671412,2.0966729309549885,2.0985298071577465,0.07958302685220366,0.002732259729590082,False
2.2393638008625265,2.101273236321538,2.102856967463561,0.07697077559935031,-0.0052033416867392135,False
2.265380016593913,2.0899755614508524,2.0923594196467956,0.08627994338584788,-0.009828250540437771,False
2.040597828321414,2.0792091125281966,2.0820904579808346,0.0890346388900036,-0.015231287766709265,False
2.022808009143779,2.0605774316115975,2.064521885472268,0.09835522026387183,-0.017470677568141153,False
2.0855167461673845,2.0535900481253844,2.057881685034575,0.09940184026269354,-0.01951139468341882,False
2.128159850341122,2.0457133607739983,2.0500146493310947,0.09877652170488738,-0.019811172363689247,False
2.035752472503961,2.04025079526234,2.0446640001321454,0.09858002185630182,-0.020452183980906504,False
2.0127662792362946,2.031046615192932,2.0353138143656,0.09915977333340456,-0.019084107696801644,False
1.8586694070387815,2.014825710455237,2.0183822279282646,0.09355329335307519,-0.014804104972294146,False
1.9046485663933295,2.000022635913138,2.002766580440406,0.09013119836234812,-0.011419391627151743,False
1.8059515773607207,1.9792677505988943,1.9808914193070508,0.0790139327397785,-0.005782124046335514,False
1.9028875113238668,1.9755213945304,1.9770851691088063,0.08025457037156034,-0.00627934685047611,False
1.9884178762683313,1.9669138063169274,1.968559935168953,0.08030548044597709,-0.008602715579120315,False
1.9616931859636917,1.9486019970770418,1.950439490584056,0.08713102223458914,-0.00851162378317687,False
1.9987157638963833,1.9291128145294603,1.9306318309259005,0.08959504969715276,-0.006528435260659796,False
1.9858824758682954,1.9163288095833484,1.9177862288974206,0.09370242657125935,-0.005039021701216537,False
2.002514608188943,1.9075849945182268,1.9089077443263118,0.09543509945289026,-0.004047623794336954,False
1.9333018515660125,1.9072284692689911,1.9085611032832666,0.09078221393427524,-0.0034128351464683486,False
1.9806561312255053,1.9124480434031894,1.9138767716381027,0.08779991867767754,-0.0018574181149165628,False
1.8850865977282145,1.9245494316320313,1.9258703063522196,0.07674545093752493,-0.0024365682820441225,False
1.7925277983292194,1.9314696263855293,1.9328940391963378,0.0755888338904296,-0.001194385449297232,False
1.816332929579817,1.933656200738589,1.9351618825157713,0.07676457117453307,0.0027501767655602073,False
1.8312083933661676,1.9410545765012688,1.9428726086922155,0.08121127040855046,0.006322768849321164,False
1.8728652381943476,1.947548476464661,1.9497147549952643,0.08483831284758239,0.010584834021156836,False
1.8529650030510156,1.9555399787726775,1.9580985216201887,0.088540752060555,0.014813188932763585,False
1.9881617525404987,1.9641855396464314,1.9672243074514089,0.09235349479322183,0.016467771197800952,False
1.9995737890221905,1.968994184337357,1.972038176156048,0.09213561471637553,0.014444374442582399,False
2.0136106273798355,1.9640465062977976,1.967162154682688,0.09391642968404001,0.013743764327199877,False
2.023403065917283,1.9657102042826333,1.968767040210536,0.0955901743481427,0.011131130148077975,False
2.0800671981665753,1.9732453086184216,1.9758456091879741,0.09094351288771417,0.007345871702623556,False
2.1026181633106567,1.9822816654065236,1.984464267263775,0.08614284526227346,0.003811519846914038,False
2.113746512796555,1.9908297943581408,1.9926300126093357,0.08167253114644757,0.0010123510002546564,False
2.140843582169007,1.9992565659816497,2.000818570015568,0.08125106694843981,-0.002788512987935715,False
2.0102401666208247,2.0041839926891636,2.0054735403766144,0.07714290689667067,-0.006984873786686314,False
1.9014932825925541,2.001260669504822,2.002607494132315,0.07743560238072944,-0.00982100508853416,False
1.9117057654855845,1.993144613320617,1.9947514619647069,0.0774158735583168,-0.011276781657025952,False
1.9130894677018326,1.9868233761484995,1.9885209837828182,0.07654206077456505,-0.014161742828141604,False
1.9609146381894502,1.973667128603061,1.9757895407399548,0.0775413890204271,-0.01537870255293895,False
1.967978456592043,1.9600295690504108,1.9621381085971534,0.07292348680467546,-0.016271753420831543,False
2.007693584170489,1.9407688304479778,1.9429167806123053,0.06853976453906745,-0.01581394501607939,False
1.9318038303712388,1.9213014062874216,1.923198093326588,0.062315917340810656,-0.012740083663095486,False
1.9413885815910312,1.9053501342006376,1.9064269297628909,0.0527794546300318,-0.007905459005310653,False
1.8697168900749095,1.8994865327730424,1.90037871316503,0.05683879123074195,-0.007091995282493247,False
1.9124708326259572,1.8950319244103169,1.8959999826647715,0.051074179401216606,-0.008527830193064155,False
1.8129031051902644,1.889009250679278,1.890071198567983,0.047094325583078384,-0.010750455869161426,False
1.8618662453241774,1.8790010855974142,1.8803400541207527,0.04803841730031824,-0.013820714909084974,False
1.7944463456717241,1.8619645139891297,1.8637349892575839,0.06107608436991362,-0.014230019431288968,False
1.8022677262276579,1.847849601649402,1.849632427101709,0.06577031982845156,-0.012529705035410867,False
1.885623228780464,1.8357710514447805,1.8371103183758697,0.06394993719923965,-0.008512859931765072,False
1.9164225437792994,1.8318275382343912,1.8330267196023733,0.06430096336660299,-0.004734274854323936,False
1.8302195487889465,1.830775694700392,1.8319171877353801,0.0674064723130066,-0.0005186324341850588,False
1.8153429857889631,1.8348659247730121,1.8361599622405442,0.07184124607227295,0.0020003501727796085,False
1.7529588263920104,1.8358666897605342,1.8372063844658444,0.07467374992210753,0.004266309095201464,False
1.6883294924568975,1.839736898932307,1.841086522648264,0.07239095645791244,0.004278603431837786,False
1.7421398591564012,1.8400701150897212,1.8414239512499475,0.07226410392467215,0.004073959515985775,False
1.8144367808965471,1.8409070400569139,1.8422423861233197,0.0725003939526817,0.0020854086788302992,False
1.8687076190050065,1.8398872847768837,1.84124900640379,0.07597678573747921,0.00102438249030626,False
1.9245590850470407,1.8359979897100662,1.8373275263810933,0.07684588090203576,0.0021311318170229294,False
1.9351605712368354,1.8313976411177486,1.8326152424907087,0.0750623230495308,0.008090060545932223,False
1.928483072426312,1.8451513007953502,1.8471192898945072,0.08439955538567555,0.01008820955444071,False
1.8748264519386264,1.8543166549482704,1.8564671430746937,0.08589410754079688,0.011399858712143614,False
1.8671977038428025,1.8672682552456714,1.8693746014736035,0.08497762164076109,0.009422508824031995,False
1.8078371451468118,1.8792934644549677,1.8808190029508607,0.07613273108044838,0.005600907349984094,False
1.785951641747175,1.88761945833748,1.8888089814131046,0.07217178501759053,0.002466157323310315,False
1.8233945077113813,1.891293834916333,1.8923924627258937,0.07199646586362844,0.0019717396345325985,False
1.8428169663022187,1.8959330829040484,1.8970588791743477,0.07263285501768331,0.001998341784160461,False
2.0502781036305726,1.8959303436157402,1.8970561002062885,0.06943545711008033,0.0031171102112425584,False
1.9619886522356862,1.8952552324112897,1.8963692263280374,0.06459219160492415,0.004186443580589652,False
1.9601844311504264,1.894092908848548,1.8951925537712977,0.06123770491413266,0.003787172231469349,False
1.8807328398056389,1.891874999756487,1.8930179958295275,0.062185386190212126,0.0021281375376235906,False
1.875355761276596,1.8891946919030753,1.890402800463039,0.06384578790975126,0.0004920194707923152,False
1.8732268061581956,1.890439223991084,1.891599152155247,0.06270469896215097,-0.0017633636676246554,False
1.9429355868084546,1.8949432940553914,1.8959324991783184,0.05767692354977787,-0.003549321721946919,False
1.924515256434111,1.900534330173003,1.9014335448542445,0.05536157967563442,-0.004840037809458573,False
1.9243587919656249,1.9048487467898352,1.9056885141153745,0.05389421824459436,-0.005956520471625803,False
1.909885895422448,1.896077609782107,1.8965529515518464,0.03777009338258982,-0.004420774994409795,False
1.8393399064656482,1.8872158274718556,1.8876959936252593,0.03908322027734198,-0.003104869439345699,False
1.8243127781882147,1.8821764371509722,1.8825637366970562,0.03586849824392628,-0.002091168621045167,False
1.8277496585549533,1.8806223337184225,1.8810207760156044,0.03821415319529514,-0.0012715083501686987,False
1.8580167627760935,1.8835572549790043,1.8839811631216195,0.03808481490289983,0.0011048636972598661,False
1.9128510855931689,1.8922901872878841,1.8929666596375097,0.04366499962897383,0.002837847905418259,False
1.9118476321715319,1.8958401983019588,1.8966600383874828,0.04496976174010724,0.0045953363747749006,False
1.9099399115069213,1.8967065398831173,1.897542064134605,0.04457008047443884,0.006119267224881709,False
1.82020013527166,1.898097758928239,1.8989605741587112,0.04434775422438924,0.008152815189091615,False
1.879554186016292,1.9022016199684333,1.90315436621706,0.045092525917699834,0.009442363751179865,False
1.8558671848848458,1.909760645888138,1.9106852173168076,0.04364362906264687,0.008505461459618885,False
1.9223145014459053,1.9165160577789384,1.917314824847143,0.04135751605312912,0.007870795938972887,False
2.012953723100271,1.9258036663577984,1.9265064596741075,0.03960229102509904,0.007594241208879138,False
1.9997357630336503,1.9352872051171586,1.9360029150946865,0.041984246157846704,0.007103169632587395,False
1.9383767217326493,1.9399535745842953,1.9406977681033095,0.043365219030913574,0.005595052260355779,False
1.946618296687574,1.9385969774230498,1.9393684690315602,0.044580623392032136,0.004980486268219783,False
1.9755476720655563,1.940100949021094,1.9408583771941366,0.04446201644019645,0.0035609043147401295,False
1.9602843211809196,1.944954897248353,1.945502127415609,0.041252263952596,0.0007439360043246126,False
1.9323993684410221,1.9478605278344507,1.9483419081533253,0.04088744735729365,-0.0006278248126772248,False
1.9763513958167136,1.953506770528243,1.9538432959267904,0.038767397457433295,-0.00474953449907936,False
2.0097533829258585,1.9484208118231943,1.948939165881869,0.04541702768060839,-0.0068056900538916885,False
1.9875129970673502,1.939465153435993,1.9399980622660493,0.042820266540323476,-0.005744727733890756,False
1.8901420775916062,1.9344870221271253,1.934962298297938,0.039689574213126216,-0.0037630870186745116,False
1.9340034570756324,1.9364823493748742,1.9369765586878427,0.041615031841726165,-0.0028373883502272254,False
1.897863306907805,1.9386811189011453,1.9392049588130569,0.04390542706087637,-0.0041088841543441635,False
1.9260442753938527,1.9318279928410949,1.9324052274834231,0.04554857279651588,-0.0026475202925088366,False
1.946207067985517,1.931975089677927,1.932554530317529,0.04600602545805218,-0.0008977616285417695,False
1.8409391621651297,1.9357566010276916,1.9363911253123156,0.04841516193206387,-0.0012378591941284514,False
1.8696631889050546,1.932345192399737,1.9329543473973738,0.04808201578169215,-0.0012790600233094562,False
1.9200856620917637,1.9246254651352788,1.9251588298571598,0.046286643307492624,0.00024403781793205505,False
1.9703019576966283,1.9202293738965706,1.9206954868279877,0.0447367505157097,0.00254679286759716,False
1.981798609107913,1.9252446351882646,1.925729137612473,0.04620050400762995,0.0022566625804230104,False
1.8658976551047506,1.9259663283797277,1.9264559582718614,0.04710933920057972,0.003929609456444713,False
1.9626378705702363,1.9325529648455482,1.9331134914869652,0.05145138302861828,0.0025169316971798026,False
1.9929035500372556,1.9306249511997309,1.9312069716796296,0.05174604412796127,0.0008142548507175504,False
1.9217688577694387,1.9245100786903886,1.925190125136182,0.05450710262004788,-0.0022359645282070384,False
1.8862377466945264,1.9186546248719496,1.9197256394754327,0.06519158523828213,-0.007433028846665063,False
1.9171755372480188,1.9100081635239716,1.911599008832036,0.07862421637274913,-0.009163355725752243,False
1.9703862582587113,1.9063844638500766,1.9080108076689983,0.07984868956420678,-0.006936387771247144,False
1.9455505481390425,1.9086317559495467,1.9103512073376436,0.08159012509158302,-0.0035553346244571265,False
2.0032494903609304,1.9109815469233493,1.9128104204613363,0.08411337225833942,-0.0008491436869954246,False
1.8951960570607804,1.9179992073886354,1.919848988325115,0.08417417853745464,-0.0008872998547729509,False
1.848369107836036,1.9183440151727376,1.9202019440365612,0.08504623025210684,0.0016084219005846514,False
1.7472519010701058,1.9188707913765637,1.9207497427061788,0.08641930508329086,0.002834211902339175,False
1.7313198073374083,1.9179698204413085,1.9198514646486622,0.08645690861556908,0.0022994979947412353,False
1.8621064673094427,1.9180112346370057,1.9198921604595736,0.0867283356719863,0.0030872270072776486,False
2.0062586312881505,1.9225601949476823,1.9245153434794282,0.0874437234958207,0.0031024742637279766,False
2.0193952646887543,1.9199562077269077,1.9218756666355619,0.08631118502482696,0.0035916201885627984,False
1.978180222549328,1.9167638359283223,1.9186837405898578,0.08755250131673586,0.0040448791120668405,False
1.9681547951158722,1.9110040758317837,1.9127994199156948,0.08558936282598303,0.006449961538763175,False
2.0013319692984726,1.9138929388319939,1.9156944100862061,0.08585982170376212,0.006060061968750384,False
1.9073533228053567,1.9179139285005262,1.9196375472298552,0.08595625599846353,0.00494159755664791,False
1.886900373825681,1.9293617511928816,1.9305723542435924,0.07568984422114912,0.0023113872671249704,False
1.9899589022188438,1.9447374430186677,1.9452847310804122,0.059690625912590924,0.0011400789493482206,False
1.9287224627263155,1.9595069359676593,1.9602621325742415,0.06278059051107786,0.0015160305949825036,False
1.8944725993616756,1.9638708301717267,1.964800887212844,0.06154966669466139,0.00427500961056101,False
1.9110933288163108,1.9665455610567926,1.9675771067799444,0.057417787980885225,0.008800766441076203,False
1.9414178650641467,1.9769411381337787,1.9784381237329904,0.06324713098721209,0.011039610209661077,False
1.9127049425325564,1.9845491563087903,1.9862253234197502,0.0636693393865514,0.010961098906939602,False
1.9304170641477902,1.984274623294068,1.9859489867289963,0.0604530492173874,0.01184729863543672,False
1.977330876549988,1.9908408820839216,1.992418525562415,0.06067907037401128,0.011862857538757415,False
2.0984183544933086,2.002604730309306,2.0040808891443582,0.060476049824679155,0.011219865282602768,False
2.0760809385532255,2.0085770790286936,2.010144365567771,0.0607212868422824,0.011997763599824433,False
2.0621909588498077,2.0172111794843524,2.0187071854192324,0.06120353353503456,0.009335692244605781,False
2.1445094557811073,2.0219275330946376,2.023216402091592,0.05975043167374681,0.005836858852715472,False
2.0898830859160555,2.025668072783693,2.0268017951390673,0.05889814203608176,0.004053469599635564,False
1.9969394410629164,2.0324100790199333,2.0334283596564697,0.05950109516267763,0.0010034137613869885,False
2.012413463443017,2.0358566104382145,2.0367143507308416,0.05702323678064335,-0.0029381760490204394,False
2.0751219454318393,2.0375797438047956,2.038358551776365,0.05573943823888529,-0.006932340540788548,False
2.0855164817290444,2.035311566169273,2.0361773067029265,0.05626552354865509,-0.010565095458483435,False
2.066868070016853,2.0234117787000736,2.0244362767252273,0.052683847440902765,-0.0107947293976501,False
1.9699342571262346,2.0147000870410805,2.015783763620123,0.0501713472628393,-0.010412986845603735,False
1.9709419638411971,2.009112408718174,2.0101835778411465,0.048992347463315766,-0.009495229090076884,False
2.0492899648439975,2.0002580367392557,2.0010286969968476,0.03880653781256702,-0.007773692325638833,False
1.9678494452250448,1.9911281559122358,1.9918054008245676,0.03687293975460563,-0.008536398282251714,False
1.9579871980130918,1.9821616422283759,1.9831197540713323,0.049803442628434676,-0.010030253152820485,False
1.9410400343816263,1.9745856285753645,1.975649298576236,0.05705488947203661,-0.011198788014606094,False
1.9080217549861176,1.9622131642206646,1.9632347420390375,0.06662128971550688,-0.00812854295254988,False
1.9366938720093403,1.9572363141859965,1.9580419687485198,0.06576518043659034,-0.002459556989488076,False
1.9727881056832999,1.9604367117323869,1.9614591076777124,0.06701380187998167,0.004712978311709448,False
2.002839504118411,1.9760536115250598,1.9780678865553085,0.07654298253362339,0.007619926071546265,False
1.943804992683742,1.9860214451397078,1.9883747962223537,0.07713667688521046,0.010441973624301961,False
1.8534752221211597,1.992004906813755,1.9946756265611887,0.07794937835617788,0.015163715803439606,False
1.8911972449948293,2.0049848602321605,2.0081114786077205,0.08086127055187371,0.018155487836870723,False
1.8771625157566458,2.019779450915359,2.0233509402589838,0.08415882070592266,0.019384114721838704,False
2.005886881174356,2.0324789284509444,2.036131096895862,0.0841971814478487,0.020863114630975992,False
2.1180744307590995,2.0506867448822037,2.054413798808976,0.0853658693548412,0.020394909917388352,False
2.219804653808997,2.065235458780702,2.0689020054270366,0.08592719344573566,0.019570627999184013,False
2.1304273016755646,2.076419868908223,2.080020650636849,0.08620692328589716,0.016759965809484443,False
2.1450253516287554,2.0785366411794772,2.0820750968506134,0.08806885861840083,0.015106118776612618,False
2.175528699919531,2.0864168028594983,2.089656731458233,0.08800021902433024,0.011473787929159013,False
2.1947006489442655,2.098310835215371,2.1007187655526525,0.08206410096927841,0.006021887189145408,False
2.144231674950994,2.1091797268137498,2.11092868011032,0.07719873582636673,0.0009685381173642702,False
2.1993468178862647,2.1211971574521984,2.1221328731724367,0.06848097463679854,-0.004822646382084185,False
2.169473294385316,2.125196814233544,2.125970273922662,0.06822494531553942,-0.008505987174559417,False
2.151738667723645,2.121358185240881,2.1221980027618614,0.06632494486067027,-0.009080262543147795,False
2.0367078604584696,2.1135800128731095,2.114275364263686,0.05731078533131123,-0.007869245143429682,False
2.0698875795640785,2.1097481352260647,2.110466340646371,0.05821107343799682,-0.010175738153612402,False
2.0437797398151223,2.098898914827845,2.099858985440235,0.05589872618132057,-0.011017169333530972,False
2.0650995105688854,2.088544589073568,2.0895145096480694,0.05231577810847631,-0.011835213354097145,False
2.06944140597183,2.073865813088222,2.0748704323641913,0.04643623233698932,-0.013141536679414504,False
2.0698813896758814,2.0577518638813466,2.0591594839273544,0.04808005189885873,-0.015674074686579456,False
2.0566563668764983,2.0354247261663483,2.0371312080798085,0.04982551359364559,-0.015452642714141577,False
2.0953538959246507,2.0175073743323138,2.0192319406795556,0.04998404116259387,-0.01488315775689371,False
2.0691172593228493,2.0014352817932703,2.003063837930004,0.05009020785880179,-0.01623012772962225,False
1.9714378252572429,1.9855433172179748,1.9878558884120883,0.05864883186105398,-0.019020856502072456,False
2.0098594878510925,1.9681785689066271,1.970915886366906,0.06559861031985154,-0.018492852956102764,False
1.9598402331787301,1.9587796938615338,1.961505644136368,0.06445875694090533,-0.018325584523443173,False
1.8864084876409923,1.9473553705743272,1.9499763859395773,0.06495582187753138,-0.017140800925558565,False
1.8421126144462876,1.936142482330581,1.938558933100038,0.06598685217463174,-0.013880686366511494,False
1.8827956650407596,1.9298442330508843,1.9319865854251206,0.06606852991791787,-0.00933823009029567,False
1.8945851870989547,1.927645231778159,1.929664311747392,0.06758027740847046,-0.003829946499800702,False
1.7824364272537407,1.92665789827006,1.9285959470675267,0.07048432278194693,-0.0010199865271121697,False
1.7920516065825194,1.9161674357637932,1.9177672251456446,0.07074769197978087,0.004016741912907119,False
1.8933977390936274,1.9192082443505734,1.9209290992244608,0.07110781990460247,0.007708555852723516,False
1.8823103379735806,1.9220458497582886,1.9239292639339538,0.07139179010979255,0.01477577882123963,False
1.890035194071888,1.936722121625856,1.9397103897423946,0.08405352738754743,0.01879377732479648,False
1.969109401200734,1.9512292120079426,1.9546294491979148,0.08575949414525941,0.018379790481215887,False
2.021472346512896,1.9607807115645677,1.9639821428955255,0.08318032512355053,0.016746073127688645,False
2.0795565597950643,1.9678640589778298,1.970964644581193,0.08316308516729946,0.01531970150817261,False
1.9012698592225825,1.9732142035541191,1.9762166440618332,0.08419386027796345,0.014741975905805048,False
2.020090762645722,1.9882106277437939,1.9906006263414795,0.07624020342890825,0.012575960309463586,False
2.055261174374539,2.0064272793836637,2.0082556499654496,0.06995948954083875,0.009535758878479147,False
2.1946605830598074,2.0171994631405994,2.0188460692795296,0.06966199282221479,0.007583721768431639,False
2.118521933754379,2.027145522928197,2.028488446960145,0.06939031948376147,0.005517303762098807,False
1.9949366073522876,2.0381804101461944,2.039221991259083,0.06842026414538185,0.0026721868006050076,False
1.996129223652955,2.0426876138951684,2.0436491191873616,0.06832726242952644,0.0006795634547865936,False
1.9801875003195821,2.0422607194851663,2.043227527146029,0.06716636473098485,0.000907499423865209,False
2.022379214288534,2.0419555486780023,2.042917271415324,0.06151900268495729,0.0035487717121330275,False
2.0835180328204355,2.0568173964930034,2.0575611137413827,0.06370303466940244,0.0029776648786342774,False
2.0657526792046004,2.0670141291560826,2.0679501834948604,0.07324161966709411,0.0035996537813160665,False
2.0414472945751467,2.072663988864125,2.073680923056669,0.07855007947688387,0.0017438880485480038,False
2.0665933895598423,2.0602116243592956,2.061061892731039,0.06487979985267674,0.002948874469975515,False
2.041224661184316,2.052005064321621,2.052871679581925,0.0607917931499011,0.0021286280293748316,False
2.0146420359528614,2.0488000030132425,2.0497947954006457,0.06076848003222295,-0.0009760703502200682,False
2.074673826880449,2.0455621628671112,2.04668027457103,0.0601979935096866,-0.0045561750860376345,False
2.139059424262596,2.041326054131798,2.0426479581803374,0.060152226538921445,-0.008049522199774154,False
2.1832384852549924,2.0351963473102304,2.036717621718473,0.06106057297224353,-0.01147524178239944,False
2.1456589297032123,2.0220578316100806,2.023915001022496,0.06498573313990376,-0.014321009669213057,False
1.9954227509825393,2.0064147559205576,2.0088598192514766,0.0742953632943677,-0.014920448801288804,False
1.9872169731515874,1.9986058898159014,2.001152330652123,0.07458033275464024,-0.016585435477625397,False
1.9436556264182265,1.9863719382536293,1.9890802288379665,0.07844634606247915,-0.016897356057097274,False
1.9443237813148573,1.9769355555167565,1.9797326404216424,0.08154860558008639,-0.015890873748623333,False
1.912409760554572,1.9737689937435383,1.9765481993745389,0.08128471386577356,-0.014099838719530692,False
1.92430390514345,1.9706168006896314,1.9732770258468744,0.08142660022082042,-0.010144269207543391,False
1.8733017816180388,1.9661939503988544,1.9685562545218318,0.07966813866871549,-0.00459734252119793,False
1.8154634681722301,1.9595054036665882,1.9613067400237625,0.0729456646983726,0.0027057232306050578,False
1.9165054369006493,1.9571660127738961,1.9587681390457312,0.06999007495861492,0.010660753940779654,False
1.8708501645634927,1.9683508197164552,1.9706372211848666,0.0784387144446614,0.015218502567119072,False
1.8902425373943499,1.9800075131690862,1.982905411691384,0.08502791748855679,0.01648586068749552,False
1.9639770475813676,1.9858686188508083,1.9887803937947992,0.08451131177408197,0.01593732570856453,False
2.024238738017937,1.9893550279784988,1.9922347632437827,0.08596235497898203,0.016084116059846998,False
2.0682938196101674,1.9974464543536847,2.000248768609295,0.0850921430351071,0.014426915883348025,False
2.0762217375387344,2.0020503314791784,2.004757537643683,0.0871194293557841,0.01473437978200012,False
2.1082286754201354,2.0159363086684365,2.0184556378963254,0.08402332661304665,0.013142108776910424,False
2.174379662063484,2.0323051553113753,2.0341790173421126,0.07591623251573366,0.009646586151840098,False
2.173724068393684,2.041953264790831,2.043613211790759,0.07524058659528036,0.008868693397707425,False
2.0374333173257804,2.058008164644378,2.059259998256844,0.07276099528002249,0.005975205541303278,False
2.0001063273579076,2.070967898810272,2.0717705223703176,0.06970068470433609,0.0028740663914768854,False
2.041872582557547,2.079065281060502,2.0796846695404017,0.06989391476001804,0.0016838464610376567,False
1.9979659391513505,2.0858911285648327,2.086496606684024,0.07187693350162726,-0.0007170418269544918,False
2.0954774166461663,2.0831914033657055,2.0838466968744025,0.07002025940253853,-0.0025576965897778363,False
2.0773650144592555,2.0786910194081134,2.079435866134506,0.06871807877876693,-0.003103340677426291,False
2.070875188571933,2.075260005494818,2.0759997946133293,0.06473379059016725,-0.0029665316927722798,False
2.1277285622202475,2.067440563727529,2.06803011961926,0.05412126291444766,0.0003553676807945417,False
2.0975982840486527,2.0647027052931413,2.065179365576751,0.047620397461925305,0.001535639048307159,False
2.093535163585046,2.063355321831264,2.0638566934664335,0.047738924424931335,-0.0019385477706759268,False
2.133452298087236,2.057854538781933,2.058636511632861,0.053575972219950106,-0.004764858171171487,False
2.025098216424129,2.053453809858379,2.0543423994564067,0.05447620612491714,-0.005497109591753182,False
2.004215594217257,2.0553115770807664,2.0561618190832043,0.04988209315650146,-0.007471923962674211,False
2.0533324528074157,2.0500905936712064,2.05094043289534,0.04979898124890378,-0.006894074490405216,False
2.049268593786859,2.0473911611288758,2.048232857078773,0.05006809227120682,-0.005789308008560902,False
2.129918333443479,2.0475714867414148,2.048415294994655,0.05276839766473384,-0.005993293080037844,False
2.015875181935742,2.0404549857442476,2.041208360085182,0.050645570120216046,-0.005675792049556972,False
1.9120937985686126,2.0324409656051303,2.0332089837982696,0.0503436202019989,-0.005321521635053594,False
1.9714609197806838,2.025679482774895,2.0264154189289174,0.04978808217283553,-0.0036750459843680012,False
2.0276902147095477,2.0199508429038,2.020505126772367,0.0473641461154714,-0.0025158666152423448,False
2.0119416820932057,2.016230175348902,2.0168274657807554,0.04758618109543415,-0.003466976163788753,False
2.034174093781968,2.0133951724164363,2.0140401456822703,0.046792744023119184,-0.004882696424862227,False
2.073760398372557,2.0069602076972775,2.007633932013954,0.04775799855273864,-0.004445311161702098,False
2.013864546265569,2.0028118337736176,2.0034637716412784,0.04777145566901463,-0.0038848514872678224,False
1.9693739618227757,1.9937505952556829,1.9941367518023063,0.043315484779023916,-0.001985599183601292,False
1.9853514383012776,1.9899111916693792,1.9903109617345975,0.04294067312952449,-0.0005690352362664795,False
2.041794060149709,1.9976673269286591,1.9979892799531531,0.03542407942187647,-0.002232430057372979,False
1.9655675355457736,1.9993515019056338,1.9996617504547423,0.0336265072639239,-0.003136769357597149,False
1.9588555472978064,1.9964409122187337,1.99674212463568,0.03361723231053513,-0.004641255732534756,False
1.950373017300869,1.9887234823757896,1.989190291125865,0.04081875997565601,-0.006663401837514088,False
1.9828946110083046,1.9779860909709437,1.9786458077774371,0.05031855828383471,-0.006816618836941758,False
1.9849385171565288,1.968000067396978,1.9685572185879014,0.05021136628341881,-0.005171858072811569,False
1.954444724554878,1.963766191717382,1.9642941301795895,0.05059104880956955,-0.0036717142038315974,False
2.0361919627170906,1.965066267508907,1.9656040150130596,0.050637995508736974,-0.0024178071003845753,False
1.9984077194122778,1.9675260423320045,1.9681115280075503,0.05321696880377003,0.0014363861538349138,False
1.981120779719149,1.974055444968143,1.9750464569964823,0.07074142192061575,0.004831218850802436,False
1.8884628046060992,1.981173305079777,1.982321971762263,0.0764450139012718,0.004313391468689926,False
1.8623758313044307,1.981892950756542,1.983035060159519,0.0758764943280254,0.0024869377907990762,False
1.913984021189109,1.9794809632154156,1.9806848769876761,0.0774402457840468,2.038906269251798e-05,False
1.9461225353920342,1.9732247327771792,1.974570317156119,0.0830136081923942,-0.0023646851597785494,False
1.9901751744871747,1.964285829779898,1.9658891259330662,0.092907985348552,-0.003783995605357976,False
2.024707835470839,1.9590860538501378,1.9608231202502222,0.09990610814884131,-0.003744917675653397,False
2.1462645023279223,1.9546815785278404,1.9563233334117234,0.09913788082284336,-1.804210769490014e-05,False
2.0794532973319195,1.9587337115836028,1.9605252687291292,0.09971130748234006,0.003216357449455551,False
1.9703698781260441,1.9651645429242561,1.9671811116399045,0.10192014279376924,0.008131651484593575,False
1.911781216642846,1.9846286365064625,1.9873040971444653,0.11201330623096911,0.009459655500914795,False
1.8827949239965236,2.0025128141273862,2.005270354790579,0.11487228766017049,0.007217367908421424,False
1.8419160692000305,2.00965713341139,2.0122808160080834,0.11409335452727153,0.006862654157692434,False
1.8712483096787171,2.018476965221044,2.021100606177445,0.11635049673951202,0.004372591591800762,False
1.9657203575603308,2.016830904577444,2.01948981539495,0.11653955536361854,0.0020289770335935723,False
2.063241848304476,2.0105343081229634,2.013324596819432,0.11728327255584245,0.0014449358873103993,False
2.084014081169601,1.9993036943721336,2.0018207272021464,0.1075220433633298,0.0036626359804118516,False
2.1998883019214017,1.9921782127366714,1.994608826589526,0.10345739110921005,0.004726723403473225,False
2.1485226732392064,1.9914783195236407,1.9939192841505093,0.10357558224711849,0.002410285870521931,False
2.02829312973318,1.9903950214047579,1.9928850519467751,0.10328304987294429,-0.0007147296158125473,False
2.087239844346493,1.9920724034277009,1.994480428772595,0.09928075693058167,-0.0030273188829799793,False
1.9638382041895752,2.0009156384922826,2.0029429395761045,0.09070518806372548,-0.00641595568874548,False
1.9239622921991506,2.008156039805519,2.00990456768827,0.08466343239842354,-0.010452167485291711,False
1.966574682314646,2.006499577977277,2.0082947969837974,0.08400713721826843,-0.01385994558270101,False
1.965445591164522,1.9946395946723943,1.9966367999980401,0.0832893337981416,-0.01547079299260778,False
1.9591715867175534,1.9796314722952357,1.9818193999886031,0.08164086045561644,-0.0151650544359648,False
1.89444844674072,1.960316049038252,1.9617833611388729,0.06299872085557598,-0.011104512476656971,False
1.9096330363636118,1.946522846715789,1.9474003130002553,0.05066747609146504,-0.008239742389603824,False
1.9834078302333376,1.9379186695219708,1.938723523852217,0.04987817654919594,-0.009674201687494157,False
1.987094730690498,1.9183653533202119,1.9191511913861552,0.05172639687794316,-0.008028345395788323,False
1.9392169683084597,1.9102148113815467,1.911070774579843,0.05273633776948243,-0.009048713225528363,False
1.873482115426351,1.902751709322648,1.90377656720592,0.05317843470532643,-0.009172784153704299,False
1.8438841231350636,1.8970416359973061,1.8980064082001658,0.052636054211242164,-0.008759915241250018,False
1.8908415298096655,1.8897365930629695,1.8906524839716405,0.05408404278069255,-0.008799551586323355,False
1.9278314360797983,1.8805387527282895,1.8814569154066623,0.05908270140420212,-0.007868382647993527,False
1.8906262946320884,1.87772294571911,1.87865328956879,0.058192982164241853,-0.004879152971349324,False
1.7743867851183517,1.8842113908342815,1.8854158372679923,0.06416100252722427,-0.001004976723556269,False
1.833429533170929,1.8887716973160977,1.8902950872583069,0.07343505748232221,0.004131384402022673,False
1.8045526592567744,1.8930839005106532,1.894901198201712,0.07884449783735743,0.009428139429178216,False
1.8752135091091753,1.9012083135361082,1.9034748875494605,0.08540831876788944,0.011203822365560235,False
1.848564904215134,1.9062256493544139,1.908512301222137,0.08513831190034174,0.010309429418770482,False
1.8120061413626753,1.9093175880957347,1.91153721355059,0.08512965420324549,0.0060730585675457,False
1.849395534593849,1.901058501210377,1.903636695928441,0.09874083896624351,0.005826169935405772,False
2.013448158206354,1.8992367959786365,1.9018049023542167,0.09980555001796206,0.008470925531249401,False
2.0563727339423954,1.9064179457682249,1.9091465974228157,0.09990438952196706,0.010550445183096642,False
2.056089981803387,1.9222853403951135,1.9248841285977345,0.09692334614944911,0.009804334296615529,False
2.069207576715737,1.934704259600764,1.9373138640598868,0.09706408493501932,0.007809001320373976,False
1.9537594885192406,1.9428082811623582,1.945118011290184,0.09490976045817576,0.004865129809059426,False
1.8933551429962012,1.9462903403424658,1.9485218198551773,0.09738740140490003,0.0054820676271131255,False
1.7586961396439427,1.958806971347551,1.9609996300023196,0.1269989043801371,0.005096621973462133,False
1.8986841523719487,1.9736435443963691,1.9755529489813806,0.16790932913533926,0.002602952918940987,False
2.005524691265501,1.9835628125873463,1.9852135968025726,0.2117506541262018,-0.0016387348924118757,False
2.0282650991485704,1.9765600534620649,1.9782968074000808,0.248232792909615,-0.0004752092979482868,False
2.0321322404613373,1.9729749922178788,1.9746188129386466,0.3093620090604693,0.0015910203564651279,False
1.934217004242282,1.969154053534445,1.9706954767476896,0.37759283889640743,0.003954775681144948,False
1.9309264559908983,1.8398285799897114,1.9015886548758885,0.3760926157094355,0.007660899703712931,False
2.048831000296497,1.717718611957259,1.8377883185139972,0.37608265053343565,0.009141184356115233,False
2.0493913101437653,1.599383915519996,1.7757861069318341,0.3758497393738271,0.008743717287536125,False
2.0081038256494868,1.4894654067922497,1.720494998713223,0.3725053758364494,0.0015930778311694556,False
1.901404012201847,1.370797647269003,1.6537201837653608,0.37203369890879845,-0.00268916554771888,False
1.9990117540354182,1.2454523540649092,1.575883043166026,0.37199318255388814,-0.002809740441707271,False
1.994954962868446,1.1186857853681236,1.4920761236316682,0.37176852964207463,-0.0009016153869544635,False
